call
jmp
mov
jmp
push
call
pop
mov
jmp
call
jmp
mov
jmp
push
call
pop
mov
jmp
mov
cmp
mov
jge
mov
test
mov
test
sub
and
jmp
add
test
mov
mov
add
mov
mov
mov
push
push
push
mov
or
test
push
mov
mov
mov
mov
test
mov
and
xor
jmp
sub
lea
shl
sub
push
lea
call
cmp
jge
push
push
push
call
mov
mov
push
push
push
push
mov
or
call
cmp
jle
xor
mov
push
push
call
mov
jmp
and
mov
mov
imul
add
test
mov
test
call
pop
pop
pop
mov
pop
push
cmp
jge
xor
mov
push
push
push
call
mov
mov
push
push
push
push
push
call
push
push
push
push
mov
mov
call
mov
mov
call
mov
lea
call
xor
mov
push
push
push
push
call
cmp
jge
mov
push
xor
call
mov
xor
mov
push
push
sub
push
call
cmp
mov
jle
mov
mov
sub
mov
lea
sub
sub
shl
mov
mov
mov
mov
sub
add
push
mov
mov
call
pop
mov
pop
pop
sub
sub
mov
mov
mov
mov
mov
sub
mov
lea
mov
xor
add
mov
add
mov
mov
xor
test
test
and
mov
mov
lea
lea
mov
lea
shl
mov
sub
mov
mov
mov
mov
sub
cmp
jle
sub
test
mov
test
mov
mov
sub
mov
cmp
mov
push
push
mov
push
push
mov
jge
sub
lea
jmp
mov
mov
mov
mov
and
mov
or
xor
and
cmp
test
mov
add
jmp
or
sub
mov
cmp
jge
mov
mov
sub
test
mov
mov
mov
imul
xor
cmp
jg
xor
lea
mov
mov
pop
add
pop
add
pop
mov
mov
mov
pop
cmp
mov
jge
mov
sub
mov
mov
sub
mov
mov
mov
mov
cmp
push
mov
jge
mov
mov
add
cmp
jge
mov
add
lea
jmp
mov
mov
cmp
jge
add
add
sub
cmp
mov
jge
mov
or
test
imul
pop
push
push
push
push
push
push
push
push
mov
call
mov
mov
call
mov
lea
call
xor
mov
push
push
push
push
call
cmp
jge
mov
push
xor
call
mov
xor
mov
push
push
sub
push
call
cmp
mov
jle
mov
mov
sub
mov
lea
sub
sub
shl
mov
mov
mov
sub
push
mov
mov
push
push
push
mov
call
mov
mov
add
push
add
push
mov
call
mov
mov
push
lea
push
lea
push
mov
call
cmp
jle
push
push
push
mov
call
cmp
jle
push
push
push
push
call
cmp
jge
push
push
push
call
cmp
jge
call
pop
pop
mov
pop
pop
mov
push
mov
push
lea
lea
mov
lea
shl
cmp
mov
jl
mov
test
test
cmp
jge
add
test
pop
pop
lea
lea
shl
sub
neg
mov
mov
cmp
jle
sub
test
mov
test
mov
mov
shl
sub
lea
mov
mov
mov
sub
and
add
mov
cmp
jle
mov
sub
mov
sub
push
mov
push
push
mov
add
push
mov
call
push
push
push
push
mov
call
mov
xor
mov
mov
push
push
push
push
call
mov
push
push
mov
mov
push
push
call
mov
cmp
mov
jge
mov
add
push
mov
cmp
mov
mov
mov
mov
mov
jge
sub
mov
lea
mov
test
mov
test
mov
add
cmp
mov
jl
and
jmp
dec
sub
mov
sar
sub
sub
test
mov
cmp
mov
jge
mov
mov
sub
lea
add
test
mov
test
add
mov
or
mov
add
test
pop
push
push
push
call
mov
sub
call
mov
mov
xor
mov
sub
mov
push
push
push
push
call
call
jmp
sub
push
push
push
push
call
pop
pop
mov
pop
add
sub
mov
push
mov
and
push
mov
mov
mov
mov
cmp
push
push
mov
mov
mov
mov
mov
jge
push
push
mov
call
mov
jmp
sub
mov
mov
xor
mov
push
shl
push
push
call
mov
mov
mov
mov
sub
lea
mov
imul
sub
xor
test
mov
mov
mov
mov
test
mov
mov
lea
or
test
mov
push
push
push
call
mov
cmp
jle
xor
mov
push
call
cmp
mov
jge
sub
push
call
push
call
call
mov
mov
mov
xor
mov
push
push
mov
push
push
call
mov
cmp
jle
mov
push
push
and
call
mov
mov
mov
mov
sub
add
add
add
cmp
mov
mov
jle
push
push
push
call
mov
mov
mov
push
push
push
add
push
mov
call
mov
mov
add
push
shl
push
mov
sub
mov
lea
call
mov
mov
sub
cmp
mov
mov
mov
mov
jge
sub
mov
lea
mov
test
mov
test
mov
add
cmp
mov
jl
and
jmp
mov
dec
sub
sar
mov
sub
sub
mov
test
mov
cmp
mov
jge
mov
sub
mov
mov
lea
add
test
test
or
mov
push
add
push
mov
mov
push
push
mov
call
mov
mov
mov
mov
call
call
cmp
mov
jle
mov
mov
mov
xor
and
mov
mov
mov
lea
or
mov
or
test
mov
mov
push
push
push
call
mov
cmp
jle
xor
mov
or
sub
push
call
test
test
cmp
mov
jge
sub
push
call
mov
test
mov
mov
push
mov
push
push
call
mov
call
mov
mov
mov
lea
shl
mov
cmp
mov
jge
xor
mov
push
push
call
mov
mov
mov
cmp
jge
push
push
or
push
mov
push
or
call
jmp
lea
sub
lea
shl
mov
mov
test
test
mov
push
push
push
push
call
cmp
jle
xor
mov
push
push
push
call
mov
push
push
push
add
push
mov
call
mov
mov
call
mov
lea
call
xor
mov
push
push
push
push
call
cmp
jge
mov
push
xor
call
mov
xor
mov
push
push
sub
push
call
cmp
mov
jle
mov
push
push
push
sub
call
sub
mov
push
push
push
call
mov
mov
jmp
mov
add
mov
mov
mov
mov
shr
push
mov
mov
push
push
push
call
mov
cmp
mov
jle
mov
xor
mov
push
push
push
push
call
mov
mov
mov
add
sub
push
add
push
mov
mov
call
mov
cmp
jle
mov
mov
push
add
push
mov
call
cmp
mov
mov
jle
mov
mov
mov
sub
push
mov
mov
push
push
xor
mov
mov
call
mov
call
mov
mov
mov
lea
shl
mov
cmp
mov
jge
xor
mov
push
push
call
mov
mov
mov
mov
cmp
jge
push
push
or
push
or
push
mov
call
jmp
lea
sub
lea
shl
mov
mov
test
mov
test
mov
push
push
push
push
call
cmp
jle
xor
mov
push
push
push
call
mov
push
push
push
add
push
mov
call
mov
mov
call
mov
lea
call
xor
mov
push
push
push
push
call
cmp
jge
mov
push
xor
call
mov
xor
mov
push
push
sub
push
call
cmp
mov
jle
mov
push
push
push
sub
call
mov
sub
mov
mov
mov
push
push
push
call
mov
cmp
mov
jle
mov
mov
sub
mov
xor
mov
push
and
sub
mov
mov
push
push
push
call
mov
mov
mov
mov
imul
xor
mov
call
mov
mov
push
call
mov
mov
xor
mov
mov
shr
push
push
call
push
push
mov
call
cmp
mov
jge
mov
mov
add
mov
mov
push
push
sub
push
mov
call
mov
jmp
mov
mov
mov
sub
and
sub
mov
mov
mov
jmp
mov
lea
shl
or
mov
jmp
mov
mov
add
mov
mov
mov
xor
mov
push
xor
mov
push
push
push
call
mov
mov
push
call
mov
mov
test
mov
mov
push
push
push
shl
call
mov
mov
push
push
lea
push
mov
mov
call
jmp
sub
mov
xor
test
mov
mov
test
mov
mov
or
or
mov
mov
call
test
mov
test
mov
mov
imul
mov
push
push
mov
mov
push
push
call
mov
cmp
jle
mov
mov
sub
mov
mov
push
mov
push
push
mov
call
mov
call
mov
mov
mov
lea
shl
mov
cmp
mov
jge
xor
mov
push
push
call
mov
mov
mov
cmp
jge
push
push
or
push
mov
push
or
call
jmp
lea
sub
lea
shl
mov
mov
test
test
mov
push
push
push
push
call
cmp
jle
xor
mov
push
push
push
call
mov
add
push
mov
call
mov
push
push
push
call
mov
mov
test
mov
test
mov
mov
mov
push
push
xor
push
and
sub
call
mov
lea
mov
mov
xor
push
add
mov
mov
push
mov
mov
call
xor
mov
mov
sub
push
push
push
call
cmp
jge
xor
mov
sub
push
push
push
call
mov
mov
push
push
push
call
mov
test
call
mov
jmp
mov
xor
sub
mov
cmp
jle
call
cmp
jge
push
push
mov
push
and
call
mov
mov
cmp
jle
mov
imul
push
push
mov
call
cmp
jle
mov
push
sub
push
push
push
call
push
push
call
mov
mov
mov
push
push
push
sar
push
add
mov
call
mov
cmp
jge
mov
mov
mov
add
mov
mov
push
xor
push
push
call
push
push
push
mov
push
mov
call
lea
lea
push
lea
push
mov
call
mov
add
cmp
mov
jge
mov
push
push
push
call
pop
pop
mov
pop
mov
pop
add
mov
pop
pop
xor
pop
mov
pop
add
sub
mov
lea
sub
shl
mov
mov
cmp
push
push
mov
jle
push
push
mov
call
xor
mov
push
push
push
push
call
mov
mov
sub
imul
lea
sub
shl
test
mov
mov
mov
mov
test
mov
push
push
push
call
mov
call
push
push
call
mov
pop
pop
push
cmp
push
push
mov
mov
jle
mov
mov
or
mov
push
xor
call
mov
push
push
push
push
push
push
call
mov
mov
call
mov
lea
call
xor
mov
push
push
push
push
call
cmp
jge
mov
push
xor
call
mov
xor
mov
push
push
sub
push
call
cmp
mov
jle
mov
mov
mov
sub
mov
lea
sub
sub
shl
mov
mov
mov
lea
lea
push
shl
sub
push
mov
mov
xor
mov
mov
call
push
push
push
call
mov
test
pop
pop
sub
call
mov
cmp
jge
push
push
push
push
mov
call
mov
call
call
pop
mov
pop
pop
push
push
push
push
push
push
mov
mov
call
mov
mov
test
mov
test
mov
jmp
mov
push
push
mov
call
mov
push
call
push
mov
call
mov
push
push
push
push
mov
and
call
mov
test
test
mov
jmp
mov
push
push
push
push
call
mov
mov
mov
mov
mov
add
xor
and
cmp
mov
jge
xor
push
push
mov
call
mov
mov
xor
mov
push
mov
push
push
call
cmp
jle
mov
push
push
sub
push
mov
call
jmp
add
mov
mov
mov
mov
mov
lea
sub
push
shl
sub
push
mov
mov
mov
mov
call
mov
xor
mov
xor
push
call
mov
push
push
push
call
mov
mov
pop
pop
pop
pop
cmp
mov
jg
xor
sub
mov
add
xor
mov
sub
add
mov
shl
mov
lea
mov
cmp
mov
jge
mov
jmp
or
mov
mov
sub
cmp
mov
jle
add
cmp
jge
add
mov
cmp
jge
mov
add
xor
add
cmp
jge
mov
jmp
mov
add
add
mov
jmp
mov
add
sub
mov
or
cmp
mov
jge
mov
mov
mov
cmp
mov
jge
mov
jmp
or
and
test
mov
xor
add
sub
and
cmp
mov
jge
mov
xor
add
mov
mov
push
mov
test
push
push
push
push
mov
mov
mov
or
call
cmp
mov
jge
mov
mov
mov
sub
lea
push
mov
sub
push
shl
mov
push
mov
sub
call
mov
jmp
mov
lea
shl
mov
or
mov
cmp
jge
push
push
push
call
cmp
jle
mov
push
push
push
xor
call
mov
mov
mov
lea
lea
lea
xor
shl
cmp
mov
mov
mov
mov
jge
sub
mov
lea
mov
test
mov
test
mov
add
cmp
mov
jl
and
jmp
mov
dec
sub
mov
sar
sub
sub
test
mov
cmp
mov
jge
mov
mov
sub
lea
add
test
mov
test
or
mov
mov
sub
cmp
lea
mov
jge
xor
mov
push
push
push
call
pop
mov
pop
pop
pop
pop
mov
mov
sub
test
mov
add
imul
mov
and
mov
sub
mov
mov
mov
sub
mov
mov
test
mov
mov
mov
mov
cmp
mov
jge
add
test
jle
sub
push
mov
cmp
mov
jle
mov
xor
sub
imul
mov
mov
mov
pop
mov
sub
imul
mov
mov
pop
cmp
push
push
push
push
mov
mov
mov
jle
mov
mov
sub
mov
mov
call
mov
push
push
push
push
call
mov
mov
add
mov
imul
mov
mov
sub
or
test
push
push
push
sub
push
sub
call
mov
mov
call
mov
lea
call
xor
mov
push
push
push
push
call
cmp
jge
mov
push
xor
call
mov
xor
mov
push
push
sub
push
call
cmp
mov
jle
mov
mov
mov
sub
mov
lea
sub
sub
shl
mov
sub
mov
mov
test
push
sub
call
test
xor
mov
push
push
push
mov
or
push
call
cmp
jge
mov
push
add
call
mov
jmp
add
cmp
jge
mov
add
sub
mov
call
mov
imul
push
push
push
mov
call
mov
cmp
jge
mov
push
push
push
xor
call
jmp
add
or
jmp
mov
push
call
push
call
test
mov
mov
lea
sub
sub
shl
mov
mov
pop
pop
pop
mov
pop
mov
sub
push
mov
call
mov
mov
push
push
push
call
mov
call
sub
mov
lea
sub
shl
mov
mov
call
mov
push
mov
call
mov
push
push
push
call
mov
cmp
jle
sub
mov
mov
mov
sub
mov
mov
add
imul
cmp
mov
jl
mov
imul
mov
mov
mov
mov
mov
add
mov
sub
add
add
add
mov
mov
mov
mov
push
mov
test
push
mov
mov
mov
mov
test
mov
lea
xor
mov
push
push
shl
push
call
cmp
jge
cmp
mov
jge
sub
call
xor
mov
mov
push
call
mov
mov
cmp
jle
call
mov
jmp
jmp
push
push
push
and
call
cmp
pop
jge
push
push
call
mov
mov
mov
push
push
push
push
call
push
call
push
mov
call
mov
pop
push
push
push
push
push
push
call
push
push
push
push
call
mov
mov
call
mov
lea
call
xor
mov
push
push
push
push
call
cmp
jge
mov
push
xor
call
mov
xor
mov
push
push
sub
push
call
cmp
mov
jle
mov
mov
sub
mov
lea
sub
sub
shl
mov
mov
mov
push
push
push
sub
push
mov
call
mov
mov
mov
sub
push
mov
call
mov
mov
sub
mov
mov
push
mov
mov
xor
mov
push
push
push
call
cmp
jge
mov
sar
add
mov
call
pop
mov
pop
pop
push
push
push
push
push
push
push
call
mov
mov
call
mov
lea
call
xor
mov
push
push
push
push
call
cmp
jge
mov
push
xor
call
mov
xor
mov
push
push
sub
push
call
cmp
mov
jle
mov
mov
sub
mov
mov
mov
sub
lea
sub
mov
shl
sub
pop
mov
mov
mov
pop
pop
mov
sub
pop
mov
mov
pop
pop
cmp
mov
jge
mov
mov
sub
mov
sub
or
mov
mov
mov
add
sub
push
push
push
push
xor
mov
push
push
mov
mov
mov
mov
push
push
mov
call
mov
mov
test
mov
mov
test
mov
mov
mov
push
sub
push
or
call
push
mov
call
mov
cmp
jge
mov
cmp
mov
mov
mov
mov
mov
mov
jge
sub
mov
lea
mov
test
mov
test
mov
add
cmp
mov
jl
and
jmp
mov
dec
sub
mov
sar
sub
sub
test
mov
cmp
mov
jge
mov
mov
sub
lea
add
test
mov
test
or
mov
test
mov
test
call
push
push
push
push
call
mov
mov
cmp
jle
push
push
push
push
call
cmp
jle
mov
call
mov
mov
test
test
push
push
push
push
call
mov
mov
call
mov
lea
call
xor
mov
push
push
push
push
call
cmp
jge
mov
push
xor
call
mov
xor
mov
push
push
sub
push
call
cmp
mov
jle
mov
mov
sub
mov
lea
sub
sub
shl
mov
mov
sub
mov
jmp
mov
xor
jmp
mov
mov
mov
sub
add
mov
mov
add
mov
push
push
push
push
call
mov
mov
push
sub
sub
push
mov
mov
mov
call
mov
xor
mov
push
sar
push
push
push
call
cmp
jge
mov
mov
mov
mov
sub
cmp
mov
mov
mov
mov
mov
jge
sub
mov
lea
mov
test
mov
test
mov
add
cmp
mov
jl
and
jmp
mov
dec
sub
mov
sub
sar
sub
test
mov
mov
cmp
mov
jge
sub
lea
add
test
test
or
add
test
mov
mov
test
mov
mov
cmp
mov
jge
sub
mov
cmp
jle
push
push
push
push
call
cmp
jle
call
push
push
push
push
call
mov
mov
cmp
jge
push
push
push
push
or
call
test
mov
cmp
jge
sub
cmp
jle
call
push
push
push
push
call
mov
mov
call
mov
lea
call
xor
mov
push
push
push
push
call
cmp
jge
mov
push
xor
call
mov
xor
mov
push
push
sub
push
call
cmp
mov
jle
mov
push
push
push
sub
call
sub
mov
pop
pop
pop
pop
add
mov
lea
lea
sub
mov
shl
add
mov
mov
mov
mov
mov
lea
shl
sub
mov
test
lea
mov
cmp
mov
jle
mov
test
and
mov
mov
push
mov
sub
cmp
mov
mov
mov
jle
mov
cmp
jg
mov
test
jmp
push
mov
and
add
mov
pop
cmp
jle
mov
mov
xor
cmp
jle
add
mov
mov
mov
pop
mov
mov
pop
cmp
jge
mov
mov
xor
or
jmp
mov
mov
sub
xor
mov
add
mov
mov
cmp
jl
sub
mov
mov
mov
add
cmp
mov
mov
jle
jmp
mov
mov
shl
sub
mov
shl
mov
and
sub
mov
imul
mov
mov
push
mov
or
mov
mov
jmp
mov
mov
sub
mov
mov
add
or
imul
mov
mov
sub
test
mov
pop
sub
push
push
push
push
push
push
push
push
mov
mov
call
call
call
push
mov
call
add
push
push
push
mov
call
mov
mov
lea
sub
shl
add
mov
call
mov
xor
mov
push
push
push
call
mov
mov
lea
sub
mov
shl
sub
mov
mov
call
mov
call
mov
mov
mov
push
add
push
mov
call
push
mov
call
push
mov
call
call
mov
cmp
jge
mov
mov
call
cmp
jge
push
mov
call
mov
call
cmp
jle
mov
xor
mov
add
mov
push
push
push
call
mov
mov
mov
cmp
jle
mov
mov
sub
mov
lea
sub
shl
lea
mov
mov
mov
jmp
and
jmp
mov
xor
mov
mov
mov
mov
add
sub
test
mov
mov
cmp
jge
mov
add
xor
push
push
mov
call
call
or
add
test
test
mov
mov
mov
mov
and
add
push
add
mov
mov
mov
push
lea
mov
mov
call
mov
sub
mov
lea
sub
sub
shl
cmp
mov
jge
xor
mov
sub
push
push
push
call
mov
mov
push
push
push
call
mov
test
call
mov
jmp
mov
xor
sub
mov
cmp
jle
call
cmp
jge
push
push
mov
push
and
call
mov
mov
cmp
jle
imul
push
push
mov
call
cmp
jle
mov
push
sub
push
push
push
call
push
push
call
cmp
jle
mov
lea
call
mov
push
push
push
call
mov
mov
push
call
pop
pop
pop
mov
pop
add
push
push
cmp
push
mov
mov
mov
jle
mov
jmp
mov
xor
mov
cmp
mov
jge
add
mov
xor
imul
mov
jmp
mov
cmp
jge
mov
sub
add
cmp
mov
mov
jge
mov
mov
add
xor
cmp
lea
lea
mov
lea
jle
add
cmp
jge
sub
jmp
mov
jmp
add
jmp
or
mov
mov
mov
add
pop
add
pop
mov
mov
mov
pop
mov
sub
push
mov
mov
call
mov
imul
cmp
jge
mov
xor
mov
xor
push
call
mov
mov
test
call
mov
mov
test
mov
push
push
or
call
test
call
cmp
pop
jle
mov
mov
sub
mov
lea
sub
shl
mov
mov
xor
mov
xor
mov
push
push
push
push
call
mov
call
mov
push
push
push
call
mov
add
push
mov
cmp
push
mov
mov
mov
mov
jge
sub
mov
inc
jmp
mov
push
cmp
jg
mov
mov
sub
mov
mov
cmp
pop
jle
imul
mov
test
test
sub
mov
mov
sub
pop
mov
mov
pop
mov
lea
lea
lea
mov
add
mov
and
add
cmp
jl
mov
mov
lea
sub
lea
lea
mov
mov
mov
lea
lea
mov
shl
test
mov
mov
mov
test
mov
mov
sub
push
mov
push
mov
add
mov
and
xor
mov
xor
test
mov
xor
mov
cmp
jge
add
and
cmp
jge
cmp
jge
add
mov
test
pop
mov
mov
pop
mov
sub
pop
mov
mov
pop
sub
pop
mov
pop
mov
mov
sub
mov
mov
add
cmp
jge
mov
mov
sub
add
sub
mov
mov
mov
sub
add
mov
mov
mov
sub
mov
push
push
push
push
push
mov
push
mov
mov
mov
mov
mov
mov
call
sub
mov
lea
cmp
mov
mov
mov
jle
mov
xor
mov
or
push
lea
mov
mov
push
call
mov
push
call
mov
mov
test
mov
push
call
mov
mov
mov
or
lea
shl
add
mov
push
push
push
push
shl
call
mov
cmp
jle
mov
push
mov
call
cmp
mov
jle
mov
add
cmp
mov
mov
mov
mov
mov
jle
push
call
mov
mov
cmp
jge
xor
mov
push
mov
sub
mov
push
push
call
push
mov
call
xor
mov
xor
mov
push
mov
push
push
call
cmp
jge
mov
push
push
call
call
cmp
jle
mov
push
and
call
mov
jmp
mov
imul
mov
push
mov
call
mov
push
push
mov
mov
push
push
call
mov
test
call
cmp
jge
call
mov
mov
mov
mov
sub
push
mov
call
mov
call
mov
mov
cmp
jge
mov
mov
add
mov
cmp
mov
mov
mov
mov
mov
jge
sub
mov
lea
mov
test
mov
test
mov
add
cmp
mov
jl
and
jmp
mov
dec
sub
mov
sar
sub
sub
test
mov
cmp
mov
jge
mov
sub
mov
lea
add
test
mov
test
or
cmp
jge
mov
mov
mov
add
mov
mov
push
add
push
mov
mov
call
mov
sub
mov
lea
sub
sub
shl
cmp
mov
jge
xor
mov
sub
push
push
push
call
mov
mov
push
push
push
call
mov
test
call
mov
jmp
mov
xor
sub
mov
cmp
jle
call
cmp
jge
push
push
mov
push
and
call
mov
mov
cmp
jle
mov
imul
push
push
mov
call
cmp
jle
mov
push
sub
push
push
push
call
push
push
call
mov
cmp
mov
mov
jge
mov
push
push
push
lea
push
mov
call
mov
mov
test
mov
test
mov
mov
push
call
cmp
mov
jle
mov
push
add
push
mov
mov
call
mov
mov
test
mov
mov
mov
sub
push
mov
mov
and
push
push
push
call
cmp
jge
mov
mov
mov
add
mov
add
mov
xor
call
mov
jmp
add
mov
and
jmp
mov
or
jmp
sub
jmp
mov
sub
xor
mov
mov
xor
mov
push
mov
push
push
push
call
mov
mov
mov
mov
mov
inc
or
or
test
mov
mov
mov
push
push
push
call
mov
cmp
jle
xor
mov
or
sub
push
call
test
test
cmp
mov
jge
sub
push
call
mov
call
mov
mov
mov
mov
push
mov
push
push
push
call
mov
push
push
push
mov
call
mov
push
push
mov
mov
add
push
push
mov
mov
and
call
mov
call
mov
lea
call
xor
mov
push
push
push
push
call
cmp
jge
mov
push
xor
call
mov
xor
mov
push
push
sub
push
call
cmp
mov
jle
sub
mov
or
cmp
mov
mov
jle
mov
sub
add
lea
mov
call
test
test
mov
xor
add
mov
jmp
and
mov
call
test
mov
mov
push
push
push
sub
sub
push
mov
mov
call
mov
mov
call
mov
lea
call
xor
mov
push
push
push
push
call
cmp
jge
mov
push
xor
call
mov
xor
mov
push
push
sub
push
call
cmp
mov
jle
mov
push
push
push
sub
call
sub
mov
mov
test
mov
mov
lea
and
sub
sub
shl
mov
mov
mov
mov
mov
mov
cmp
jge
sub
mov
lea
sub
mov
shl
xor
mov
add
mov
call
mov
jmp
mov
mov
test
test
mov
and
add
mov
push
push
push
sub
call
cmp
mov
jge
mov
mov
push
push
sub
push
mov
call
mov
jmp
mov
mov
mov
sub
xor
sub
mov
mov
cmp
jge
mov
push
push
push
push
call
test
mov
xor
mov
push
push
push
push
call
jmp
mov
mov
jmp
sub
mov
mov
push
push
add
push
mov
and
mov
call
test
mov
mov
push
push
sub
push
mov
call
pop
pop
pop
xor
pop
add
mov
mov
xor
cmp
mov
jle
or
jmp
sub
cmp
jge
add
cmp
jge
sub
sub
cmp
jle
mov
mov
imul
mov
jmp
mov
mov
and
add
test
mov
mov
test
xor
cmp
jle
add
mov
mov
mov
test
mov
mov
mov
or
imul
mov
jmp
mov
mov
test
mov
test
add
test
push
mov
add
test
pop
sub
mov
xor
push
mov
push
push
push
push
push
add
push
mov
call
push
call
push
push
push
mov
call
xor
mov
mov
mov
push
push
push
call
mov
cmp
mov
mov
mov
mov
jge
sub
mov
lea
mov
test
mov
test
mov
add
cmp
mov
jl
and
jmp
mov
dec
sub
mov
sar
sub
sub
test
mov
cmp
mov
jge
mov
mov
sub
lea
add
test
mov
test
or
pop
pop
mov
pop
mov
or
add
cmp
push
mov
jge
mov
call
mov
mov
mov
sub
or
add
mov
imul
or
mov
mov
sub
mov
pop
mov
push
push
lea
mov
test
push
mov
mov
push
add
push
push
push
call
mov
push
push
push
push
call
mov
mov
mov
sub
test
mov
test
mov
push
push
push
add
call
mov
test
mov
push
push
push
mov
call
cmp
jle
push
push
push
add
call
mov
mov
add
test
test
call
mov
cmp
jge
sub
pop
pop
mov
mov
pop
mov
sub
mov
mov
sub
sub
mov
test
mov
mov
test
mov
shl
sub
mov
mov
mov
add
mov
mov
mov
cmp
jge
sub
push
push
push
push
push
push
call
mov
call
mov
mov
mov
sub
sub
mov
mov
mov
lea
sub
shl
mov
call
mov
call
call
test
push
call
mov
pop
pop
mov
push
add
push
mov
call
call
mov
mov
sub
mov
sub
cmp
mov
jge
sub
mov
mov
shl
add
mov
mov
mov
push
push
push
push
call
mov
mov
and
mov
test
add
or
and
push
push
call
push
mov
mov
push
mov
sub
sub
test
mov
mov
mov
mov
mov
mov
add
mov
lea
lea
shl
lea
mov
or
test
lea
cmp
jle
mov
pop
pop
mov
mov
add
mov
mov
pop
pop
sub
push
push
push
push
push
mov
mov
mov
mov
call
mov
test
mov
mov
mov
imul
push
push
push
push
mov
mov
xor
call
jmp
or
xor
mov
test
mov
test
mov
mov
push
push
push
add
push
mov
call
mov
mov
test
mov
mov
lea
mov
call
mov
cmp
jle
cmp
jge
mov
mov
add
mov
mov
push
push
mov
call
mov
sub
mov
lea
sub
sub
shl
cmp
mov
jge
xor
mov
sub
push
push
push
call
mov
mov
push
push
push
call
mov
test
call
mov
jmp
mov
xor
sub
mov
cmp
jle
call
cmp
jge
push
push
push
and
call
mov
mov
cmp
jle
mov
imul
push
push
mov
call
cmp
jle
mov
push
sub
push
push
push
call
push
push
call
cmp
jle
push
call
cmp
jle
mov
push
xor
push
push
call
mov
push
call
push
mov
mov
push
push
push
call
mov
mov
test
mov
test
mov
mov
mov
add
push
mov
mov
or
push
mov
call
mov
sub
mov
mov
mov
lea
sub
sub
shl
cmp
mov
jge
xor
mov
sub
push
push
push
call
mov
mov
push
push
push
call
mov
test
call
mov
jmp
mov
xor
sub
mov
cmp
jle
call
cmp
jge
push
push
push
and
call
mov
mov
cmp
jle
mov
imul
push
push
mov
call
cmp
jle
mov
push
sub
push
push
push
call
push
push
call
mov
test
mov
push
push
call
mov
test
mov
test
mov
xor
mov
xor
mov
push
push
push
call
mov
call
mov
call
call
mov
call
mov
cmp
jge
add
call
mov
jmp
mov
lea
cmp
jge
mov
mov
push
push
push
add
call
mov
mov
inc
cmp
mov
jl
xor
and
sub
pop
mov
pop
pop
pop
add
mov
push
mov
push
push
mov
cmp
push
push
mov
mov
jle
mov
mov
mov
sub
add
cmp
mov
mov
jge
mov
xor
add
mov
mov
jmp
mov
mov
and
mov
mov
imul
add
add
cmp
mov
mov
mov
mov
jle
lea
cmp
jle
mov
sub
sub
cmp
jle
imul
or
test
mov
mov
test
sar
or
mov
mov
mov
imul
xor
test
and
test
mov
test
mov
xor
cmp
mov
jge
cmp
jl
pop
pop
pop
mov
pop
pop
mov
test
sub
mov
mov
mov
cmp
jle
mov
cmp
jg
sub
mov
mov
cmp
jle
sub
mov
mov
mov
mov
push
mov
cmp
push
mov
jge
mov
test
add
cmp
jle
mov
or
cmp
mov
jge
mov
mov
sub
or
cmp
mov
mov
jge
lea
shl
sub
jmp
sub
mov
sar
pop
cmp
pop
jge
mov
imul
add
mov
mov
mov
lea
lea
lea
lea
push
mov
sar
cmp
mov
mov
mov
jge
cmp
mov
mov
mov
jle
sub
sub
xor
cmp
pop
jle
mov
sub
sub
mov
mov
mov
push
mov
push
mov
sub
cmp
mov
mov
mov
mov
jge
mov
mov
mov
jmp
mov
mov
cmp
jle
push
mov
sub
sub
test
mov
mov
pop
mov
test
cmp
jge
add
test
mov
test
mov
mov
lea
jmp
mov
mov
cmp
pop
jge
add
pop
sub
push
push
push
push
mov
mov
mov
mov
mov
call
mov
xor
mov
push
push
push
push
call
mov
mov
mov
sub
imul
test
mov
mov
push
push
push
mov
call
mov
call
test
mov
mov
test
push
push
and
call
mov
cmp
jle
mov
push
sub
push
mov
call
jmp
mov
mov
mov
add
mov
sub
mov
mov
xor
push
mov
call
mov
mov
test
mov
test
or
jmp
push
call
mov
mov
mov
sub
mov
mov
push
add
call
mov
call
push
push
push
mov
call
mov
call
mov
call
mov
call
mov
mov
xor
mov
push
push
push
push
call
mov
mov
mov
or
add
push
mov
mov
push
push
push
call
mov
add
test
mov
mov
push
push
call
mov
mov
push
push
push
push
call
mov
call
mov
cmp
jge
mov
mov
mov
push
add
push
mov
or
call
mov
mov
test
mov
add
sub
mov
call
mov
mov
mov
mov
mov
or
and
add
mov
mov
test
mov
mov
push
push
mov
call
test
mov
push
push
or
call
mov
jmp
mov
add
lea
mov
shl
test
mov
imul
mov
push
push
call
mov
lea
mov
mov
call
push
mov
call
mov
cmp
jge
xor
call
mov
jmp
mov
mov
sub
add
mov
mov
mov
test
mov
mov
push
or
push
sub
call
mov
mov
push
push
push
call
cmp
jge
mov
mov
push
lea
push
lea
mov
push
shl
push
mov
mov
sub
call
mov
jmp
shl
push
call
test
mov
mov
push
mov
xor
mov
lea
push
push
push
call
mov
jmp
lea
mov
shl
mov
mov
mov
mov
push
push
push
push
call
mov
mov
sub
mov
mov
or
call
mov
cmp
lea
jge
mov
push
push
push
push
call
mov
cmp
jle
mov
mov
mov
push
sub
push
mov
call
test
mov
mov
sub
mov
xor
mov
push
call
mov
mov
test
mov
test
mov
and
sub
and
mov
mov
call
test
mov
lea
lea
cmp
mov
mov
mov
mov
mov
jle
push
call
mov
mov
cmp
jge
mov
xor
mov
push
mov
sub
push
push
call
push
mov
call
xor
mov
xor
mov
mov
push
push
push
call
cmp
jge
push
push
call
jmp
mov
call
cmp
jle
and
push
mov
call
mov
imul
mov
push
mov
call
push
push
mov
mov
push
push
call
mov
test
call
cmp
jge
call
mov
mov
cmp
mov
jle
mov
mov
mov
sub
mov
xor
cmp
mov
jge
sub
mov
test
mov
test
mov
mov
push
push
and
call
cmp
mov
jge
mov
push
push
push
push
sub
call
mov
mov
test
mov
call
test
mov
mov
mov
push
push
push
push
call
mov
test
push
push
call
mov
pop
pop
pop
pop
add
mov
pop
sub
pop
pop
mov
mov
pop
add
sub
mov
pop
pop
pop
pop
add
mov
xor
cmp
jge
mov
test
mov
mov
mov
test
mov
shl
cmp
jge
sub
mov
push
push
call
mov
cmp
jge
sub
call
push
mov
mov
push
push
call
mov
mov
xor
mov
add
sub
mov
mov
mov
lea
push
push
sub
push
shl
push
mov
call
xor
mov
push
call
push
push
call
mov
mov
pop
pop
sub
mov
cmp
push
push
push
push
mov
mov
mov
mov
mov
jge
sub
mov
cmp
mov
mov
jle
xor
mov
xor
mov
push
push
push
push
call
mov
mov
cmp
mov
jge
sub
mov
mov
mov
sub
cmp
lea
mov
jge
call
mov
mov
sub
add
mov
mov
mov
add
mov
mov
call
mov
mov
test
test
cmp
lea
jge
sub
cmp
mov
jge
call
cmp
jge
mov
mov
xor
mov
push
add
push
push
call
mov
sub
call
jmp
sub
cmp
jge
or
call
mov
mov
test
mov
test
mov
sub
or
jmp
mov
mov
add
push
mov
call
mov
mov
add
mov
push
push
push
push
mov
mov
call
mov
mov
cmp
jge
push
add
call
test
mov
call
mov
mov
test
test
mov
cmp
mov
mov
mov
mov
jge
sub
mov
lea
mov
test
mov
test
mov
add
cmp
mov
jl
and
jmp
mov
dec
sub
mov
sar
sub
sub
test
mov
cmp
mov
jge
mov
mov
sub
lea
add
test
mov
test
or
mov
pop
pop
pop
pop
add
push
cmp
mov
mov
mov
jle
mov
jmp
mov
mov
test
sub
mov
jmp
cmp
pop
jge
mov
mov
sub
cmp
jle
sub
xor
sub
push
push
push
push
mov
call
mov
push
mov
mov
or
call
push
mov
call
push
push
push
call
mov
mov
push
call
mov
test
sub
mov
call
cmp
jle
push
push
push
push
lea
call
mov
mov
call
mov
lea
call
xor
mov
push
push
push
push
call
cmp
jge
mov
push
xor
call
mov
xor
mov
push
push
sub
push
call
cmp
mov
jle
mov
mov
mov
sub
mov
lea
sub
sub
shl
mov
sub
mov
xor
mov
push
push
push
call
cmp
jle
push
push
call
mov
mov
pop
pop
pop
pop
add
mov
cmp
jge
mov
mov
add
xor
cmp
jle
xor
mov
mov
mov
mov
sub
cmp
mov
jge
mov
mov
or
sub
mov
mov
mov
mov
xor
test
sub
cmp
jge
mov
sar
add
mov
mov
sar
add
mov
cmp
mov
jge
mov
sub
mov
mov
mov
test
cmp
jg
mov
sub
mov
mov
mov
push
push
push
push
mov
mov
call
call
mov
mov
add
neg
lea
cmp
mov
mov
jle
call
mov
test
mov
xor
mov
push
sub
mov
mov
push
call
mov
cmp
jge
sub
mov
push
push
push
call
mov
push
call
test
mov
mov
push
push
push
call
pop
pop
mov
pop
mov
mov
and
add
cmp
jge
mov
push
cmp
push
push
push
mov
jge
sub
mov
lea
cmp
jle
mov
xor
mov
push
xor
add
mov
xor
push
call
xor
call
mov
mov
sub
cmp
jle
mov
xor
mov
push
push
push
lea
or
push
call
cmp
jle
mov
and
cmp
jge
sub
mov
test
mov
test
jmp
push
push
call
cmp
mov
jge
call
cmp
jge
call
pop
pop
mov
pop
pop
sub
push
push
push
push
mov
mov
call
mov
mov
mov
cmp
mov
jge
xor
mov
push
mov
push
sub
mov
mov
push
call
mov
jmp
sub
xor
xor
mov
xor
mov
push
push
push
push
call
mov
mov
sub
lea
lea
lea
mov
mov
add
and
cmp
mov
jle
push
and
call
mov
cmp
mov
jge
mov
cmp
mov
mov
mov
mov
jge
sub
mov
lea
mov
test
mov
test
mov
add
cmp
mov
jl
and
jmp
mov
dec
sub
mov
sar
sub
sub
test
mov
cmp
mov
jge
mov
mov
sub
lea
add
test
mov
test
or
add
cmp
mov
mov
mov
mov
mov
jge
sub
mov
lea
mov
test
mov
test
mov
add
cmp
mov
jl
and
jmp
mov
dec
sub
mov
sar
sub
sub
test
mov
cmp
mov
jge
mov
sub
mov
lea
add
test
mov
test
or
mov
test
test
mov
mov
mov
push
push
sar
push
sub
push
mov
call
test
xor
call
push
push
mov
mov
push
push
sub
call
cmp
jle
mov
cmp
mov
mov
mov
mov
jge
sub
mov
lea
mov
test
mov
test
mov
add
cmp
mov
jl
and
jmp
mov
dec
sub
sar
sub
sub
test
mov
cmp
mov
jge
mov
mov
sub
lea
add
test
mov
test
or
imul
add
mov
mov
call
mov
jmp
sub
mov
push
call
mov
mov
xor
mov
push
push
push
push
call
mov
imul
pop
pop
pop
mov
mov
mov
pop
add
mov
test
mov
mov
mov
sub
cmp
mov
jge
xor
mov
test
cmp
jle
sub
cmp
jle
mov
sub
cmp
mov
jl
sub
mov
sub
mov
mov
sub
mov
mov
cmp
mov
jge
mov
push
mov
test
mov
mov
test
mov
mov
and
xor
lea
test
mov
imul
mov
or
sub
mov
sub
mov
pop
cmp
mov
jge
sub
mov
mov
test
call
cmp
mov
jle
mov
push
push
call
mov
mov
mov
push
mov
mov
push
push
xor
push
sar
push
push
xor
call
push
push
push
call
mov
call
mov
call
mov
call
mov
xor
mov
push
push
push
push
call
mov
mov
push
mov
mov
push
or
push
add
push
mov
call
cmp
jle
push
push
call
pop
mov
pop
mov
mov
push
mov
add
or
mov
xor
or
mov
mov
lea
lea
shl
sub
cmp
mov
jle
mov
test
pop
sub
mov
mov
mov
add
and
and
cmp
jle
mov
add
test
test
test
cmp
jle
mov
mov
push
push
push
push
mov
call
mov
mov
mov
push
push
push
call
mov
push
push
push
add
push
mov
mov
call
cmp
jge
sub
cmp
pop
jge
xor
mov
push
push
push
call
mov
sub
mov
mov
push
push
push
mov
sub
test
push
mov
mov
mov
mov
mov
mov
mov
mov
xor
mov
xor
mov
lea
mov
push
push
push
push
call
cmp
jle
push
push
push
push
lea
call
mov
mov
mov
cmp
jge
cmp
mov
jge
sub
push
push
push
or
call
mov
jmp
mov
mov
sub
add
sub
mov
jmp
mov
mov
and
jmp
mov
mov
push
push
push
push
call
mov
cmp
jge
sub
mov
mov
add
call
mov
test
mov
test
mov
mov
add
mov
xor
mov
sub
mov
mov
mov
xor
push
push
call
cmp
mov
jge
mov
mov
add
mov
mov
add
call
mov
call
mov
call
cmp
jle
mov
push
push
push
push
call
mov
test
mov
test
mov
mov
mov
push
sub
push
mov
call
mov
mov
pop
pop
pop
pop
add
mov
push
push
xor
mov
push
push
push
push
push
push
call
xor
mov
push
push
mov
mov
push
push
call
mov
cmp
mov
mov
mov
mov
jge
sub
mov
lea
mov
test
mov
mov
test
add
cmp
mov
jl
and
jmp
mov
dec
sub
mov
sar
sub
sub
test
mov
mov
cmp
mov
jge
sub
lea
add
test
test
or
test
call
mov
mov
imul
mov
add
mov
test
test
push
push
push
push
call
mov
mov
call
mov
lea
call
xor
mov
push
push
push
push
call
cmp
jge
mov
push
xor
call
sub
xor
mov
push
push
push
call
cmp
mov
jle
mov
mov
mov
sub
mov
lea
sub
sub
shl
mov
sub
call
pop
pop
pop
mov
pop
push
mov
push
push
push
push
push
push
push
push
call
mov
xor
mov
mov
mov
mov
mov
sub
push
push
push
push
call
mov
push
push
push
push
lea
call
mov
push
push
push
call
mov
xor
cmp
lea
jle
mov
push
push
and
push
push
call
mov
jmp
or
test
mov
push
push
push
or
push
sub
call
mov
mov
add
lea
mov
cmp
mov
mov
mov
mov
mov
jge
sub
mov
lea
mov
test
mov
test
mov
add
cmp
mov
jl
and
jmp
mov
dec
sub
mov
sar
sub
sub
test
mov
cmp
mov
jge
mov
mov
sub
lea
add
test
mov
test
or
add
test
test
mov
call
mov
mov
mov
push
push
push
mov
call
mov
pop
pop
pop
pop
pop
push
push
xor
mov
push
push
push
push
call
push
push
push
mov
mov
call
mov
call
mov
mov
sub
mov
cmp
mov
mov
mov
mov
jge
sub
mov
lea
mov
test
mov
test
mov
add
cmp
mov
jl
and
jmp
mov
dec
sub
mov
sar
sub
sub
test
mov
cmp
mov
mov
jge
mov
sub
mov
mov
lea
add
test
test
or
jmp
mov
test
mov
test
cmp
jge
sub
mov
jmp
mov
sub
lea
sub
shl
cmp
mov
mov
jge
sub
or
mov
call
pop
pop
pop
mov
pop
pop
mov
mov
lea
shl
mov
sub
mov
sub
or
shl
test
mov
test
mov
test
mov
or
sub
mov
mov
sub
mov
push
push
push
add
push
mov
mov
mov
mov
mov
call
mov
cmp
jge
mov
mov
push
push
mov
call
mov
cmp
jle
mov
push
sub
push
mov
mov
call
mov
mov
test
mov
test
mov
mov
push
push
push
mov
mov
call
mov
push
push
push
push
mov
lea
call
mov
jmp
mov
xor
jmp
mov
mov
push
push
push
call
sub
and
cmp
mov
jge
mov
call
mov
push
push
push
call
mov
cmp
jge
push
push
push
mov
call
mov
jmp
mov
sar
imul
mov
cmp
jge
mov
push
push
push
push
lea
mov
call
pop
pop
pop
mov
pop
add
push
mov
mov
push
push
mov
add
push
mov
mov
lea
mov
sub
or
sub
shl
test
push
mov
mov
mov
mov
mov
imul
xor
mov
mov
lea
push
call
mov
mov
cmp
jle
mov
mov
add
cmp
mov
jge
sub
mov
test
mov
push
push
mov
call
mov
jmp
sub
mov
mov
mov
add
add
cmp
jle
mov
or
xor
cmp
jge
sub
cmp
jle
mov
mov
and
call
mov
jmp
lea
imul
mov
imul
mov
push
push
push
push
mov
call
mov
test
call
mov
cmp
jge
sub
jmp
mov
add
mov
push
push
push
call
cmp
jle
push
push
push
push
call
pop
pop
pop
mov
pop
pop
mov
add
test
sub
mov
mov
lea
lea
mov
sub
mov
mov
push
push
push
mov
call
mov
mov
test
mov
test
push
mov
push
push
push
call
mov
mov
push
push
push
push
mov
call
mov
or
test
push
mov
push
mov
sub
cmp
mov
mov
mov
mov
jge
sub
mov
lea
test
mov
add
cmp
mov
jl
and
jmp
mov
dec
sub
sar
sub
sub
test
mov
cmp
mov
jge
mov
mov
sub
lea
add
test
mov
test
or
mov
pop
cmp
pop
jge
mov
xor
mov
sub
mov
push
push
call
mov
pop
mov
pop
pop
mov
mov
mov
sub
add
mov
mov
mov
mov
xor
cmp
push
jle
mov
add
test
mov
mov
mov
sub
cmp
mov
jle
inc
jmp
mov
jmp
mov
mov
shl
add
mov
add
test
pop
add
mov
mov
push
push
push
mov
call
mov
xor
mov
push
push
sub
push
push
call
xor
mov
mov
push
call
mov
call
test
mov
mov
test
push
push
push
call
mov
test
mov
test
mov
call
mov
test
mov
lea
call
mov
add
pop
pop
mov
mov
pop
mov
mov
sub
add
pop
pop
mov
mov
pop
push
push
call
mov
push
push
push
push
call
mov
call
mov
imul
push
push
push
push
mov
mov
call
mov
mov
sub
mov
mov
shl
sub
neg
mov
shl
pop
mov
pop
mov
lea
sub
lea
mov
lea
sub
mov
mov
mov
mov
sub
mov
mov
push
push
push
push
mov
call
mov
mov
test
mov
mov
push
push
push
mov
call
mov
cmp
jge
mov
lea
mov
and
or
call
mov
jmp
mov
mov
and
sub
mov
mov
mov
mov
sub
mov
lea
sub
shl
mov
mov
call
cmp
mov
jge
mov
mov
lea
sub
sub
shl
mov
mov
jmp
mov
cmp
jge
mov
lea
sub
sub
shl
mov
mov
mov
mov
mov
pop
pop
pop
pop
mov
mov
sub
mov
sub
push
mov
xor
sub
cmp
jge
test
mov
test
and
jmp
or
cmp
jle
mov
test
test
mov
shl
add
lea
mov
imul
add
mov
mov
pop
mov
cmp
jl
mov
mov
push
mov
push
push
push
sub
push
mov
mov
call
mov
cmp
mov
mov
mov
mov
jge
sub
mov
lea
mov
test
mov
test
mov
add
cmp
mov
jl
and
jmp
mov
dec
sub
mov
sar
sub
sub
test
mov
cmp
mov
jge
sub
mov
lea
add
test
test
or
jmp
mov
mov
sub
add
xor
test
lea
xor
add
cmp
jge
sub
cmp
jge
push
mov
mov
mov
push
push
call
test
mov
mov
imul
mov
mov
lea
sub
sub
shl
mov
mov
mov
jmp
xor
add
sub
jmp
mov
cmp
jle
xor
add
mov
call
mov
jmp
mov
xor
mov
push
call
mov
xor
mov
push
push
call
pop
mov
pop
pop
pop
pop
push
mov
push
push
mov
cmp
mov
mov
mov
mov
jge
sub
mov
lea
mov
test
mov
test
mov
add
cmp
mov
jl
and
jmp
mov
dec
sub
mov
sar
sub
sub
test
mov
cmp
mov
jge
mov
mov
sub
lea
add
test
mov
test
or
pop
pop
add
pop
mov
mov
push
push
push
mov
cmp
mov
jge
lea
or
sar
mov
test
mov
mov
test
mov
add
or
sub
mov
mov
test
test
mov
sar
jmp
mov
mov
mov
sub
cmp
jge
sub
sub
jmp
sub
mov
and
sub
mov
mov
or
add
cmp
mov
jle
or
or
cmp
jge
sub
jmp
xor
cmp
jge
mov
mov
xor
or
pop
add
pop
sub
pop
pop
add
pop
and
pop
sub
mov
test
push
push
push
push
mov
mov
mov
mov
push
push
push
call
cmp
jge
sub
push
push
push
push
and
call
cmp
jle
and
call
mov
cmp
mov
jge
mov
cmp
mov
mov
mov
mov
jge
sub
mov
lea
test
mov
mov
test
mov
add
cmp
mov
jl
and
jmp
dec
sub
mov
sar
sub
sub
test
mov
cmp
mov
jge
mov
mov
sub
lea
add
test
mov
test
add
mov
or
add
cmp
mov
jge
call
mov
call
cmp
mov
jle
push
call
mov
lea
shl
sub
sub
push
lea
mov
push
push
call
xor
mov
mov
push
call
cmp
jge
mov
push
lea
call
mov
jmp
sub
xor
push
push
push
call
test
mov
mov
cmp
mov
mov
mov
mov
jge
sub
mov
lea
mov
test
mov
test
mov
add
cmp
mov
jl
and
jmp
mov
dec
sub
mov
sar
sub
sub
test
mov
cmp
mov
jge
mov
mov
sub
lea
add
test
mov
test
or
add
mov
jmp
lea
shl
sub
mov
mov
push
push
push
push
call
cmp
mov
jge
mov
push
push
push
lea
mov
call
mov
cmp
jge
call
mov
mov
mov
mov
push
push
sub
push
mov
call
cmp
jge
call
pop
pop
pop
mov
pop
add
mov
pop
pop
pop
pop
add
sub
cmp
push
push
push
push
mov
mov
mov
jge
mov
mov
push
sub
push
mov
call
mov
call
mov
add
push
mov
call
mov
mov
sub
push
mov
call
mov
mov
push
push
lea
push
add
push
call
mov
mov
mov
lea
mov
sub
add
and
add
mov
mov
mov
mov
mov
push
push
push
call
mov
push
push
call
mov
xor
mov
mov
mov
push
push
push
push
call
mov
mov
cmp
jge
mov
push
push
lea
call
test
mov
mov
test
add
call
mov
mov
test
mov
push
push
push
sub
push
sub
mov
call
mov
jmp
lea
shl
mov
mov
add
mov
cmp
jge
mov
xor
mov
lea
lea
mov
push
shl
push
add
mov
push
and
mov
call
cmp
jle
mov
push
push
sub
call
mov
jmp
sub
mov
mov
mov
add
test
mov
test
mov
lea
imul
mov
jmp
push
push
push
call
mov
call
mov
call
mov
call
mov
xor
mov
push
push
push
push
call
mov
mov
push
mov
mov
push
or
push
add
push
mov
call
mov
mov
mov
mov
add
mov
call
mov
mov
mov
add
mov
mov
inc
add
cmp
mov
mov
jl
mov
pop
pop
pop
pop
add
cmp
push
push
push
mov
jle
call
test
mov
test
mov
jmp
mov
push
push
push
sub
push
mov
call
cmp
jle
mov
sub
call
mov
jmp
push
call
mov
cmp
mov
mov
mov
mov
jge
sub
mov
lea
mov
test
mov
test
mov
add
cmp
mov
jl
and
jmp
mov
dec
sub
mov
sar
sub
sub
test
mov
cmp
mov
jge
mov
mov
sub
lea
add
test
mov
test
or
add
or
push
mov
call
pop
pop
test
pop
call
cmp
jge
sub
mov
mov
push
push
mov
call
mov
mov
test
mov
mov
sub
sub
mov
mov
mov
lea
sub
shl
mov
mov
jmp
lea
shl
sub
lea
mov
and
call
mov
test
mov
test
sub
call
mov
push
mov
push
mov
cmp
mov
mov
mov
mov
jge
sub
mov
lea
mov
test
mov
test
mov
add
cmp
mov
jl
and
jmp
mov
dec
sub
mov
sar
sub
sub
test
mov
cmp
mov
jge
mov
mov
sub
lea
add
test
mov
test
or
mov
add
cmp
pop
pop
jge
sub
xor
mov
push
push
push
push
call
mov
push
push
push
push
call
mov
pop
pop
mov
push
push
push
push
xor
mov
push
push
push
mov
push
call
mov
push
push
mov
push
add
call
mov
mov
and
cmp
mov
mov
mov
mov
mov
jge
sub
mov
lea
mov
test
mov
test
mov
add
cmp
mov
jl
and
jmp
mov
dec
sub
mov
sar
sub
sub
test
mov
cmp
mov
jge
mov
mov
sub
lea
add
test
mov
test
or
mov
add
cmp
mov
jge
mov
mov
push
push
push
lea
xor
call
cmp
mov
jge
push
push
push
push
call
mov
cmp
jle
push
push
add
call
cmp
jge
mov
mov
xor
mov
sub
mov
push
push
push
call
jmp
push
xor
mov
call
pop
mov
lea
pop
pop
pop
mov
sub
add
mov
jmp
mov
mov
sub
add
mov
add
cmp
jle
mov
mov
imul
push
push
sub
push
mov
mov
call
test
test
sub
xor
mov
push
push
add
push
push
call
cmp
jle
push
push
push
call
push
call
pop
mov
lea
pop
pop
pop
mov
mov
mov
and
sub
mov
xor
push
call
pop
mov
lea
pop
pop
pop
sub
push
push
push
push
xor
mov
push
push
mov
push
mov
push
call
mov
mov
push
push
sub
push
mov
xor
mov
call
mov
xor
mov
push
push
mov
lea
push
call
mov
test
mov
mov
push
push
push
call
mov
mov
mov
lea
sub
mov
sub
shl
sub
cmp
mov
mov
mov
jle
mov
xor
mov
mov
push
push
push
push
call
mov
jmp
cmp
mov
jle
mov
or
call
mov
mov
mov
cmp
mov
mov
mov
mov
jge
sub
mov
lea
mov
test
mov
test
mov
add
cmp
mov
jl
and
jmp
mov
dec
sub
mov
sar
sub
sub
test
mov
cmp
mov
jge
mov
mov
sub
lea
add
test
mov
test
or
mov
add
cmp
mov
jle
call
mov
jmp
mov
call
pop
pop
cmp
pop
mov
pop
jge
push
call
push
push
push
call
mov
add
push
push
push
push
mov
call
mov
test
mov
test
push
push
push
call
mov
cmp
jle
mov
mov
sub
call
mov
xor
mov
push
push
push
push
call
mov
test
test
sub
jmp
xor
mov
push
call
cmp
jge
mov
push
push
push
push
mov
call
push
push
push
push
call
mov
cmp
jle
push
push
push
push
call
mov
cmp
jle
mov
push
push
push
push
call
call
mov
push
push
push
push
call
pop
pop
mov
test
sub
mov
mov
test
push
push
push
push
mov
push
push
push
call
mov
mov
mov
mov
mov
sub
sub
inc
test
mov
mov
mov
mov
or
add
call
mov
test
test
mov
neg
jmp
mov
xor
cmp
mov
mov
mov
mov
jge
sub
mov
lea
mov
test
test
mov
add
cmp
mov
jl
and
jmp
mov
dec
sub
sar
sub
sub
test
mov
cmp
mov
jge
mov
mov
sub
lea
add
test
mov
test
or
add
test
mov
imul
xor
mov
mov
push
call
mov
cmp
jle
push
push
mov
call
jmp
or
xor
mov
and
mov
imul
push
push
call
test
mov
mov
push
and
call
mov
mov
push
sub
push
sub
push
mov
and
mov
call
mov
cmp
jge
mov
or
push
sub
add
call
mov
mov
cmp
jle
push
push
push
call
mov
mov
mov
cmp
jge
xor
mov
push
push
push
call
jmp
jmp
mov
add
sub
mov
push
push
push
push
call
pop
pop
mov
pop
mov
pop
mov
lea
lea
push
mov
push
mov
shl
sub
sub
neg
mov
mov
mov
lea
mov
sub
add
cmp
mov
jge
mov
lea
mov
or
jmp
mov
and
mov
sub
mov
shl
sub
mov
shl
cmp
jle
or
mov
sub
cmp
mov
jle
and
pop
pop
push
push
push
call
push
call
call
push
call
xor
mov
push
push
mov
push
sub
push
call
mov
test
mov
lea
push
shl
push
mov
call
mov
mov
mov
mov
push
push
mov
call
mov
sub
mov
lea
sub
shl
mov
call
mov
call
mov
mov
test
mov
mov
mov
sub
mov
push
mov
mov
push
push
push
push
mov
mov
and
sub
mov
mov
and
mov
add
test
mov
mov
mov
mov
mov
xor
cmp
mov
mov
mov
mov
jge
sub
mov
lea
mov
test
mov
test
mov
add
cmp
mov
jl
and
jmp
mov
dec
sub
mov
sar
sub
sub
test
mov
cmp
mov
jge
mov
mov
sub
lea
add
test
mov
test
or
mov
add
xor
cmp
lea
jge
sub
push
push
push
push
mov
lea
mov
call
test
mov
mov
push
push
push
push
call
mov
mov
mov
sub
call
mov
jmp
mov
add
mov
mov
mov
mov
push
push
push
push
call
mov
imul
mov
push
push
add
push
mov
call
cmp
mov
jle
mov
push
push
push
call
mov
imul
mov
sub
call
mov
sub
cmp
mov
jle
mov
mov
sub
or
mov
pop
lea
pop
sub
mov
shl
pop
mov
pop
pop
pop
mov
pop
pop
pop
pop
push
push
mov
test
push
mov
push
push
mov
test
mov
cmp
mov
mov
mov
mov
jge
sub
mov
lea
mov
test
mov
test
add
cmp
mov
jl
and
jmp
mov
dec
sub
mov
sar
sub
sub
test
mov
cmp
mov
jge
mov
mov
sub
lea
add
test
mov
test
or
mov
add
cmp
mov
jle
xor
mov
push
push
push
push
call
mov
mov
push
call
mov
call
mov
mov
mov
push
lea
call
mov
cmp
mov
mov
jle
xor
mov
push
push
push
call
mov
mov
sub
mov
push
lea
push
sub
push
shl
push
mov
mov
call
mov
push
push
push
sub
push
mov
mov
call
pop
pop
mov
pop
mov
pop
pop
mov
test
mov
mov
cmp
jge
mov
mov
jmp
mov
mov
and
mov
cmp
jle
add
push
mov
imul
lea
or
add
cmp
mov
jle
cmp
jge
sub
mov
or
cmp
jl
mov
sub
sub
mov
cmp
lea
jge
sub
test
pop
sub
push
push
push
push
mov
cmp
mov
mov
mov
jle
mov
lea
sub
lea
lea
shl
mov
call
push
push
push
push
mov
call
mov
mov
jmp
mov
mov
push
push
push
xor
call
cmp
mov
mov
jge
mov
mov
imul
and
mov
call
test
mov
lea
push
push
push
call
mov
mov
test
mov
test
sub
lea
sub
lea
push
push
push
push
call
mov
cmp
jge
add
call
cmp
jge
mov
or
cmp
jge
sub
test
mov
mov
test
xor
mov
push
push
mov
imul
push
push
xor
call
mov
mov
cmp
jge
add
mov
sar
call
mov
cmp
jle
push
xor
call
mov
xor
mov
or
push
call
cmp
jle
mov
call
jmp
mov
mov
jmp
sub
cmp
jle
push
push
push
add
call
jmp
mov
add
and
or
mov
test
call
mov
mov
and
cmp
jge
mov
push
push
push
call
mov
jmp
add
mov
xor
mov
push
push
push
call
mov
push
mov
call
and
mov
mov
pop
pop
pop
pop
add
mov
mov
mov
mov
cmp
mov
jge
mov
add
jmp
sub
mov
mov
push
push
push
lea
push
sub
lea
push
lea
push
sub
call
mov
mov
mov
sub
mov
lea
call
mov
call
push
lea
push
shl
push
sub
call
call
call
mov
test
mov
test
push
push
push
push
call
pop
mov
pop
pop
pop
sub
push
push
push
push
push
mov
push
push
push
mov
call
mov
mov
cmp
jge
push
push
mov
call
mov
push
mov
push
push
push
call
jmp
mov
mov
mov
cmp
jge
push
push
push
xor
call
mov
cmp
jle
call
jmp
sub
add
or
call
xor
mov
mov
push
push
push
call
push
mov
mov
mov
push
push
push
call
mov
shl
lea
sub
add
shl
sub
mov
mov
mov
sub
test
mov
xor
mov
push
push
mov
and
push
push
call
cmp
jge
push
push
push
mov
call
call
pop
pop
pop
mov
pop
add
push
push
push
call
mov
call
mov
push
push
push
mov
push
xor
call
mov
push
push
push
and
call
push
mov
call
mov
mov
test
mov
lea
call
mov
call
test
mov
mov
test
mov
push
mov
push
and
push
add
call
jmp
and
xor
push
push
push
call
push
push
push
push
call
pop
pop
pop
mov
push
push
push
add
push
mov
mov
mov
call
mov
cmp
mov
mov
mov
mov
jge
sub
mov
lea
mov
test
mov
test
mov
add
cmp
mov
jl
and
jmp
mov
dec
sub
mov
sar
sub
sub
test
mov
cmp
mov
jge
mov
sub
mov
lea
add
test
test
or
xor
mov
add
xor
mov
mov
push
push
push
push
call
call
and
cmp
jge
push
call
call
call
pop
pop
mov
pop
pop
mov
call
call
pop
pop
mov
pop
pop
cmp
mov
jge
cmp
jge
mov
cmp
jle
cmp
jge
mov
jmp
mov
mov
imul
mov
mov
xor
adc
shl
jmp
mov
adc
and
mov
add
jmp
adc
mov
xor
mov
sub
mov
and
add
jmp
mov
jmp
lea
or
jmp
adc
push
jmp
shl
pop
xor
mov
jmp
jmp
jmp
jmp
jmp
jmp
jmp
jmp
jmp
jmp
jmp
jmp
jmp
jmp
jmp
jmp
jmp
jmp
jmp
jmp
jmp
jmp
jmp
jmp
jmp
jmp
jmp
jmp
jmp
jmp
jmp
jmp
jmp
jmp
jmp
jmp
jmp
jmp
jmp
jmp
jmp
jmp
jmp
jmp
jmp
jmp
jmp
jmp
jmp
jmp
jmp
jmp
jmp
jmp
jmp
jmp
jmp
jmp
jmp
jmp
jmp
jmp
jmp
jmp
jmp
jmp
jmp
jmp
jmp
jmp
jmp
jmp
jmp
jmp
jmp
jmp
jmp
jmp
jmp
jmp
jmp
jmp
jmp
jmp
jmp
jmp
jmp
jmp
jmp
jmp
jmp
jmp
jmp
jmp
jmp
jmp
jmp
jmp
jmp
jmp
jmp
jmp
jmp
jmp
jmp
jmp
jmp
jmp
jmp
jmp
jmp
jmp
jmp
jmp
jmp
jmp
jmp
jmp
jmp
jmp
jmp
jmp
jmp
jmp
jmp
jmp
jmp
jmp
jmp
jmp
jmp
jmp
jmp
jmp
jmp
jmp
jmp
jmp
jmp
jmp
jmp
jmp
jmp
jmp
jmp
jmp
jmp
jmp
jmp
jmp
jmp
jmp
jmp
jmp
jmp
jmp
jmp
jmp
jmp
jmp
jmp
jmp
jmp
jmp
jmp
jmp
jmp
jmp
jmp
jmp
jmp
jmp
jmp
jmp
jmp
jmp
jmp
jmp
jmp
jmp
jmp
jmp
jmp
jmp
jmp
jmp
jmp
jmp
jmp
jmp
jmp
jmp
jmp
jmp
jmp
jmp
jmp
jmp
jmp
jmp
jmp
jmp
jmp
jmp
jmp
jmp
jmp
jmp
jmp
jmp
jmp
jmp
jmp
jmp
jmp
jmp
jmp
jmp
jmp
jmp
jmp
jmp
jmp
jmp
jmp
jmp
jmp
jmp
jmp
jmp
jmp
jmp
jmp
jmp
jmp
jmp
jmp
jmp
jmp
jmp
jmp
jmp
jmp
jmp
jmp
jmp
jmp
jmp
jmp
jmp
jmp
jmp
jmp
jmp
jmp
jmp
jmp
jmp
jmp
jmp
jmp
jmp
jmp
jmp
jmp
jmp
jmp
jmp
jmp
jmp
jmp
jmp
jmp
jmp
jmp
jmp
jmp
jmp
jmp
jmp
jmp
jmp
jmp
jmp
jmp
jmp
jmp
jmp
jmp
jmp
jmp
jmp
jmp
jmp
jmp
jmp
jmp
jmp
jmp
jmp
jmp
jmp
jmp
jmp
jmp
jmp
jmp
jmp
jmp
jmp
jmp
jmp
jmp
jmp
jmp
jmp
jmp
jmp
jmp
jmp
jmp
jmp
jmp
xor
jmp
jmp
jmp
jmp
jmp
jmp
jmp
jmp
jmp
jmp
jmp
jmp
jmp
jmp
jmp
jmp
jmp
jmp
jmp
jmp
jmp
jmp
jmp
jmp
jmp
jmp
jmp
jmp
jmp
jmp
jmp
jmp
jmp
jmp
jmp
jmp
jmp
jmp
jmp
jmp
jmp
jmp
jmp
jmp
jmp
jmp
jmp
jmp
jmp
jmp
jmp
jmp
jmp
jmp
jmp
jmp
jmp
jmp
jmp
jmp
jmp
jmp
jmp
jmp
jmp
jmp
jmp
jmp
jmp
jmp
jmp
