push
call
push
push
call
push
push
call
mov
push
mov
mov
push
test
push
call
pop
test
mov
lea
mov
inc
test
sub
mov
lea
push
call
push
push
push
mov
call
push
push
push
call
add
pop
pop
push
push
push
call
mov
push
call
add
mov
mov
test
push
pop
pop
and
xor
pop
mov
jmp
mov
push
mov
push
mov
mov
call
test
push
call
pop
mov
pop
pop
mov
push
mov
push
push
mov
call
mov
mov
pop
pop
mov
push
mov
call
pop
mov
push
mov
push
mov
call
test
push
call
pop
mov
pop
pop
mov
cmp
push
call
call
mov
jmp
mov
push
mov
mov
mov
pop
mov
push
mov
mov
mov
pop
jmp
cmp
mov
push
call
pop
mov
push
mov
push
mov
call
test
push
call
pop
mov
pop
pop
mov
push
mov
mov
mov
pop
mov
push
mov
mov
push
mov
cmp
mov
test
call
add
cmp
jb
pop
pop
mov
push
mov
mov
push
mov
cmp
mov
test
call
add
cmp
jb
pop
pop
push
call
pop
mov
push
mov
mov
mov
pop
mov
push
mov
mov
mov
pop
push
call
xor
and
mov
push
mov
sub
push
push
push
call
and
cmp
mov
push
call
mov
test
mov
push
push
call
test
push
call
mov
push
mov
call
push
call
mov
push
mov
call
push
call
mov
push
mov
call
push
call
pop
mov
test
push
push
call
push
call
pop
mov
mov
cmp
cmp
push
call
push
mov
call
pop
pop
mov
test
test
call
test
lea
push
push
lea
push
push
push
call
test
test
or
jmp
mov
cmp
push
call
pop
test
call
mov
test
mov
cmp
push
call
pop
test
push
call
mov
push
call
pop
test
push
push
push
push
call
jmp
xor
pop
pop
pop
leave
mov
call
mov
xor
mov
push
mov
sub
mov
movzx
push
mov
and
mov
mov
mov
mov
movzx
and
sub
shl
push
mov
mov
cmp
xor
xor
cmp
inc
cmp
jl
xor
jmp
xor
lea
stosd
stosd
push
stosd
pop
jmp
and
push
lea
lea
movsd
movsd
movsd
mov
dec
lea
mov
cdq
and
add
sar
mov
and
mov
mov
jns
dec
or
inc
lea
push
xor
pop
sub
inc
shl
mov
test
mov
or
shl
not
test
jmp
cmp
inc
cmp
jl
jmp
mov
cdq
push
pop
and
add
sar
and
jns
dec
or
inc
and
sub
xor
inc
shl
lea
mov
add
mov
mov
cmp
jb
cmp
jmp
test
and
lea
mov
lea
mov
cmp
jb
cmp
mov
dec
mov
mov
mov
jns
mov
mov
or
shl
and
mov
inc
cmp
jge
push
pop
lea
sub
xor
rep
cmp
inc
mov
mov
sub
cmp
jge
xor
lea
stosd
stosd
stosd
jmp
cmp
jg
sub
lea
mov
lea
movsd
cdq
and
add
movsd
mov
sar
and
movsd
jns
dec
or
inc
and
and
or
mov
shl
mov
sub
not
mov
lea
mov
mov
and
mov
mov
shr
mov
or
mov
mov
shl
inc
cmp
mov
jl
mov
push
shl
lea
pop
sub
cmp
jl
mov
mov
jmp
and
dec
sub
test
jge
mov
dec
lea
mov
cdq
and
add
sar
mov
and
mov
jns
dec
or
inc
push
pop
sub
xor
inc
shl
lea
mov
test
or
shl
not
test
jmp
cmp
inc
cmp
jl
jmp
mov
cdq
push
pop
and
add
sar
and
jns
dec
or
inc
and
xor
sub
inc
shl
lea
mov
lea
cmp
jb
cmp
mov
mov
mov
jmp
test
lea
mov
lea
xor
cmp
jb
cmp
xor
inc
mov
mov
dec
jns
mov
or
shl
and
mov
inc
cmp
jge
push
pop
lea
sub
xor
rep
mov
inc
mov
cdq
and
add
mov
sar
and
jns
dec
or
inc
and
and
or
mov
shl
mov
sub
not
mov
lea
mov
mov
and
mov
mov
shr
mov
or
mov
mov
shl
inc
cmp
mov
jl
mov
push
shl
lea
pop
sub
cmp
jl
mov
mov
jmp
and
dec
sub
test
jge
push
xor
pop
jmp
cmp
mov
jl
xor
lea
stosd
stosd
stosd
or
mov
cdq
and
add
mov
sar
and
jns
dec
or
inc
and
and
or
mov
shl
mov
sub
not
mov
lea
mov
mov
and
mov
mov
shr
mov
or
mov
mov
shl
inc
cmp
mov
jl
mov
push
shl
lea
pop
sub
cmp
jl
mov
mov
jmp
and
dec
sub
test
jge
mov
mov
lea
xor
inc
jmp
mov
and
add
mov
cdq
and
add
mov
sar
and
jns
dec
or
inc
and
and
or
mov
shl
mov
sub
not
mov
mov
mov
and
mov
mov
shr
mov
or
mov
mov
mov
shl
inc
cmp
mov
jl
mov
push
shl
lea
pop
sub
cmp
jl
mov
mov
jmp
and
dec
sub
test
jge
xor
pop
push
pop
sub
shl
mov
neg
sbb
and
or
mov
or
cmp
mov
mov
mov
mov
jmp
cmp
mov
mov
pop
pop
leave
mov
push
mov
sub
mov
movzx
push
mov
and
mov
mov
mov
mov
movzx
and
sub
shl
push
mov
mov
cmp
xor
xor
cmp
inc
cmp
jl
xor
jmp
xor
lea
stosd
stosd
push
stosd
pop
jmp
and
push
lea
lea
movsd
movsd
movsd
mov
dec
lea
mov
cdq
and
add
sar
mov
and
mov
mov
jns
dec
or
inc
lea
push
xor
pop
sub
inc
shl
mov
test
mov
or
shl
not
test
jmp
cmp
inc
cmp
jl
jmp
mov
cdq
push
pop
and
add
sar
and
jns
dec
or
inc
and
sub
xor
inc
shl
lea
mov
add
mov
mov
cmp
jb
cmp
jmp
test
and
lea
mov
lea
mov
cmp
jb
cmp
mov
dec
mov
mov
mov
jns
mov
mov
or
shl
and
mov
inc
cmp
jge
push
pop
lea
sub
xor
rep
cmp
inc
mov
mov
sub
cmp
jge
xor
lea
stosd
stosd
stosd
jmp
cmp
jg
sub
lea
mov
lea
movsd
cdq
and
add
movsd
mov
sar
and
movsd
jns
dec
or
inc
and
and
or
mov
shl
mov
sub
not
mov
lea
mov
mov
and
mov
mov
shr
mov
or
mov
mov
shl
inc
cmp
mov
jl
mov
push
shl
lea
pop
sub
cmp
jl
mov
mov
jmp
and
dec
sub
test
jge
mov
dec
lea
mov
cdq
and
add
sar
mov
and
mov
jns
dec
or
inc
push
pop
sub
xor
inc
shl
lea
mov
test
or
shl
not
test
jmp
cmp
inc
cmp
jl
jmp
mov
cdq
push
pop
and
add
sar
and
jns
dec
or
inc
and
xor
sub
inc
shl
lea
mov
lea
cmp
jb
cmp
mov
mov
mov
jmp
test
lea
mov
lea
xor
cmp
jb
cmp
xor
inc
mov
mov
dec
jns
mov
or
shl
and
mov
inc
cmp
jge
push
pop
lea
sub
xor
rep
mov
inc
mov
cdq
and
add
mov
sar
and
jns
dec
or
inc
and
and
or
mov
shl
mov
sub
not
mov
lea
mov
mov
and
mov
mov
shr
mov
or
mov
mov
shl
inc
cmp
mov
jl
mov
push
shl
lea
pop
sub
cmp
jl
mov
mov
jmp
and
dec
sub
test
jge
push
xor
pop
jmp
cmp
mov
jl
xor
lea
stosd
stosd
stosd
or
mov
cdq
and
add
mov
sar
and
jns
dec
or
inc
and
and
or
mov
shl
mov
sub
not
mov
lea
mov
mov
and
mov
mov
shr
mov
or
mov
mov
shl
inc
cmp
mov
jl
mov
push
shl
lea
pop
sub
cmp
jl
mov
mov
jmp
and
dec
sub
test
jge
mov
mov
lea
xor
inc
jmp
mov
and
add
mov
cdq
and
add
mov
sar
and
jns
dec
or
inc
and
and
or
mov
shl
mov
sub
not
mov
mov
mov
and
mov
mov
shr
mov
or
mov
mov
mov
shl
inc
cmp
mov
jl
mov
push
shl
lea
pop
sub
cmp
jl
mov
mov
jmp
and
dec
sub
test
jge
xor
pop
push
pop
sub
shl
mov
neg
sbb
and
or
mov
or
cmp
mov
mov
mov
mov
jmp
cmp
mov
mov
pop
pop
leave
push
call
pop
mov
push
mov
sub
mov
xor
mov
push
push
mov
push
push
mov
lea
call
lea
push
xor
push
push
push
push
push
lea
push
lea
push
call
mov
lea
push
push
call
add
test
cmp
cmp
mov
and
push
pop
jmp
cmp
cmp
mov
and
push
jmp
test
test
cmp
mov
and
xor
mov
pop
pop
xor
pop
call
leave
mov
push
mov
sub
mov
xor
mov
push
push
mov
push
push
mov
lea
call
lea
push
xor
push
push
push
push
push
lea
push
lea
push
call
mov
lea
push
push
call
add
test
cmp
cmp
mov
and
push
pop
jmp
cmp
cmp
mov
and
push
jmp
test
test
cmp
mov
and
xor
mov
pop
pop
xor
pop
call
leave
mov
mov
or
mov
mov
mul
push
mul
mov
mov
mul
add
mov
mul
add
pop
push
push
mov
and
push
push
mov
mov
xchg
xchg
mov
pushf
mov
nop
xor
mul
mul
imul
mov
nop
nop
xor
mul
mov
mul
xor
nop
mul
xor
mov
mov
nop
imul
mul
imul
nop
mov
mul
mov
mov
popf
mov
xchg
xchg
mov
xchg
mov
mov
mov
add
mov
cmp
jbe
mov
mov
xchg
xchg
mov
pushf
mov
nop
xor
mul
mul
imul
mov
nop
nop
xor
mul
mov
mul
xor
nop
mul
xor
mov
mov
nop
imul
mul
imul
nop
mov
mul
mov
mov
popf
mov
xchg
xchg
mov
xchg
mov
mov
mov
cmp
jl
cmp
jg
mov
add
movsx
shl
add
mov
jmp
cmp
jl
cmp
jg
mov
movsx
shl
lea
jmp
cmp
jl
cmp
jg
mov
movsx
shl
lea
mov
mov
mov
xchg
xchg
mov
pushf
mov
nop
xor
mul
mul
imul
mov
nop
nop
xor
mul
mov
mul
xor
nop
mul
xor
mov
mov
nop
imul
mul
imul
nop
mov
mul
mov
mov
popf
mov
xchg
xchg
mov
xchg
mov
mov
inc
cmp
ja
mov
mov
xchg
xchg
mov
pushf
mov
nop
xor
mul
mul
imul
mov
nop
nop
xor
mul
mov
mul
xor
nop
mul
xor
mov
mov
nop
imul
mul
imul
nop
mov
mul
mov
mov
popf
mov
xchg
xchg
mov
xchg
mov
mov
mov
pop
pop
pop
pop
or
jmp
push
mov
push
push
push
push
mov
pusha
lea
lea
mov
cmp
ja
sub
jmp
sub
add
mov
popa
mov
pop
pop
pop
leave
push
lea
sub
mov
xor
mov
mov
push
push
push
push
mov
pop
xor
mov
lea
rep
xor
push
pop
stosw
xor
push
mov
lea
push
mov
mov
mov
mov
mov
rep
call
mov
mov
mov
xchg
xchg
mov
pushf
mov
nop
xor
mul
mul
imul
mov
nop
nop
xor
mul
mov
mul
xor
nop
mul
xor
mov
mov
nop
imul
mul
imul
nop
mov
mul
mov
mov
popf
mov
xchg
xchg
mov
xchg
mov
mov
xor
cmp
cmp
jge
mov
mov
xchg
xchg
mov
pushf
mov
nop
xor
mul
mul
imul
mov
nop
nop
xor
mul
mov
mul
xor
nop
mul
xor
mov
mov
nop
imul
mul
imul
nop
mov
mul
mov
mov
popf
mov
xchg
xchg
mov
xchg
mov
mov
call
mov
mov
xchg
xchg
mov
pushf
mov
nop
xor
mul
mul
imul
mov
nop
nop
xor
mul
mov
mul
xor
nop
mul
xor
mov
mov
nop
imul
mul
imul
nop
mov
mul
mov
mov
popf
mov
xchg
xchg
mov
xchg
mov
mov
xor
inc
jmp
push
push
push
push
push
push
push
push
push
call
mov
mov
cmp
cmp
jge
mov
mov
xchg
xchg
mov
pushf
mov
nop
xor
mul
mul
imul
mov
nop
nop
xor
mul
mov
mul
xor
nop
mul
xor
mov
mov
nop
imul
mul
imul
nop
mov
mul
mov
mov
popf
mov
xchg
xchg
mov
xchg
mov
mov
call
mov
mov
xchg
xchg
mov
pushf
mov
nop
xor
mul
mul
imul
mov
nop
nop
xor
mul
mov
mul
xor
nop
mul
xor
mov
mov
nop
imul
mul
imul
nop
mov
mul
mov
mov
popf
mov
xchg
xchg
mov
xchg
mov
mov
push
pop
jmp
mov
mov
xchg
xchg
mov
pushf
mov
nop
xor
mul
mul
imul
mov
nop
nop
xor
mul
mov
mul
xor
nop
mul
xor
mov
mov
nop
imul
mul
imul
nop
mov
mul
mov
mov
popf
mov
xchg
xchg
mov
xchg
mov
mov
lea
push
push
push
push
push
call
mov
mov
mov
mov
xchg
xchg
mov
pushf
mov
nop
xor
mul
mul
imul
mov
nop
nop
xor
mul
mov
mul
xor
nop
mul
xor
mov
mov
nop
imul
mul
imul
nop
mov
mul
mov
mov
popf
mov
xchg
xchg
mov
xchg
mov
mov
mov
cmp
jge
mov
mov
xchg
xchg
mov
pushf
mov
nop
xor
mul
mul
imul
mov
nop
nop
xor
mul
mov
mul
xor
nop
mul
xor
mov
mov
nop
imul
mul
imul
nop
mov
mul
mov
mov
popf
mov
xchg
xchg
mov
xchg
mov
mov
call
mov
mov
xchg
xchg
mov
pushf
mov
nop
xor
mul
mul
imul
mov
nop
nop
xor
mul
mov
mul
xor
nop
mul
xor
mov
mov
nop
imul
mul
imul
nop
mov
mul
mov
mov
popf
mov
xchg
xchg
mov
xchg
mov
mov
push
jmp
push
pop
mov
mov
mov
xchg
xchg
mov
pushf
mov
nop
xor
mul
mul
imul
mov
nop
nop
xor
mul
mov
mul
xor
nop
mul
xor
mov
mov
nop
imul
mul
imul
nop
mov
mul
mov
mov
popf
mov
xchg
xchg
mov
xchg
mov
mov
push
pop
mov
mov
mov
xchg
xchg
mov
pushf
mov
nop
xor
mul
mul
imul
mov
nop
nop
xor
mul
mov
mul
xor
nop
mul
xor
mov
mov
nop
imul
mul
imul
nop
mov
mul
mov
mov
popf
mov
xchg
xchg
mov
xchg
mov
mov
push
pop
mov
mov
mov
xchg
xchg
mov
pushf
mov
nop
xor
mul
mul
imul
mov
nop
nop
xor
mul
mov
mul
xor
nop
mul
xor
mov
mov
nop
imul
mul
imul
nop
mov
mul
mov
mov
popf
mov
xchg
xchg
mov
xchg
mov
mov
push
pop
mov
mov
mov
xchg
xchg
mov
pushf
mov
nop
xor
mul
mul
imul
mov
nop
nop
xor
mul
mov
mul
xor
nop
mul
xor
mov
mov
nop
imul
mul
imul
nop
mov
mul
mov
mov
popf
mov
xchg
xchg
mov
xchg
mov
mov
push
pop
mov
mov
mov
xchg
xchg
mov
pushf
mov
nop
xor
mul
mul
imul
mov
nop
nop
xor
mul
mov
mul
xor
nop
mul
xor
mov
mov
nop
imul
mul
imul
nop
mov
mul
mov
mov
popf
mov
xchg
xchg
mov
xchg
mov
mov
push
pop
mov
mov
mov
xchg
xchg
mov
pushf
mov
nop
xor
mul
mul
imul
mov
nop
nop
xor
mul
mov
mul
xor
nop
mul
xor
mov
mov
nop
imul
mul
imul
nop
mov
mul
mov
mov
popf
mov
xchg
xchg
mov
xchg
mov
mov
push
pop
mov
mov
mov
xchg
xchg
mov
pushf
mov
nop
xor
mul
mul
imul
mov
nop
nop
xor
mul
mov
mul
xor
nop
mul
xor
mov
mov
nop
imul
mul
imul
nop
mov
mul
mov
mov
popf
mov
xchg
xchg
mov
xchg
mov
mov
push
pop
mov
mov
mov
xchg
xchg
mov
pushf
mov
nop
xor
mul
mul
imul
mov
nop
nop
xor
mul
mov
mul
xor
nop
mul
xor
mov
mov
nop
imul
mul
imul
nop
mov
mul
mov
mov
popf
mov
xchg
xchg
mov
xchg
mov
mov
push
pop
mov
mov
mov
xchg
xchg
mov
pushf
mov
nop
xor
mul
mul
imul
mov
nop
nop
xor
mul
mov
mul
xor
nop
mul
xor
mov
mov
nop
imul
mul
imul
nop
mov
mul
mov
mov
popf
mov
xchg
xchg
mov
xchg
mov
mov
push
pop
mov
mov
mov
xchg
xchg
mov
pushf
mov
nop
xor
mul
mul
imul
mov
nop
nop
xor
mul
mov
mul
xor
nop
mul
xor
mov
mov
nop
imul
mul
imul
nop
mov
mul
mov
mov
popf
mov
xchg
xchg
mov
xchg
mov
mov
push
pop
mov
mov
mov
xchg
xchg
mov
pushf
mov
nop
xor
mul
mul
imul
mov
nop
nop
xor
mul
mov
mul
xor
nop
mul
xor
mov
mov
nop
imul
mul
imul
nop
mov
mul
mov
mov
popf
mov
xchg
xchg
mov
xchg
mov
mov
push
pop
mov
mov
mov
xchg
xchg
mov
pushf
mov
nop
xor
mul
mul
imul
mov
nop
nop
xor
mul
mov
mul
xor
nop
mul
xor
mov
mov
nop
imul
mul
imul
nop
mov
mul
mov
mov
popf
mov
xchg
xchg
mov
xchg
mov
mov
push
pop
mov
mov
mov
xchg
xchg
mov
pushf
mov
nop
xor
mul
mul
imul
mov
nop
nop
xor
mul
mov
mul
xor
nop
mul
xor
mov
mov
nop
imul
mul
imul
nop
mov
mul
mov
mov
popf
mov
xchg
xchg
mov
xchg
mov
mov
push
pop
mov
mov
mov
xchg
xchg
mov
pushf
mov
nop
xor
mul
mul
imul
mov
nop
nop
xor
mul
mov
mul
xor
nop
mul
xor
mov
mov
nop
imul
mul
imul
nop
mov
mul
mov
mov
popf
mov
xchg
xchg
mov
xchg
mov
mov
push
pop
mov
mov
mov
xchg
xchg
mov
pushf
mov
nop
xor
mul
mul
imul
mov
nop
nop
xor
mul
mov
mul
xor
nop
mul
xor
mov
mov
nop
imul
mul
imul
nop
mov
mul
mov
mov
popf
mov
xchg
xchg
mov
xchg
mov
mov
push
pop
mov
mov
mov
xchg
xchg
mov
pushf
mov
nop
xor
mul
mul
imul
mov
nop
nop
xor
mul
mov
mul
xor
nop
mul
xor
mov
mov
nop
imul
mul
imul
nop
mov
mul
mov
mov
popf
mov
xchg
xchg
mov
xchg
mov
mov
push
pop
mov
mov
mov
xchg
xchg
mov
pushf
mov
nop
xor
mul
mul
imul
mov
nop
nop
xor
mul
mov
mul
xor
nop
mul
xor
mov
mov
nop
imul
mul
imul
nop
mov
mul
mov
mov
popf
mov
xchg
xchg
mov
xchg
mov
mov
push
pop
mov
mov
mov
xchg
xchg
mov
pushf
mov
nop
xor
mul
mul
imul
mov
nop
nop
xor
mul
mov
mul
xor
nop
mul
xor
mov
mov
nop
imul
mul
imul
nop
mov
mul
mov
mov
popf
mov
xchg
xchg
mov
xchg
mov
mov
push
pop
mov
mov
mov
xchg
xchg
mov
pushf
mov
nop
xor
mul
mul
imul
mov
nop
nop
xor
mul
mov
mul
xor
nop
mul
xor
mov
mov
nop
imul
mul
imul
nop
mov
mul
mov
mov
popf
mov
xchg
xchg
mov
xchg
mov
mov
push
pop
mov
mov
mov
xchg
xchg
mov
pushf
mov
nop
xor
mul
mul
imul
mov
nop
nop
xor
mul
mov
mul
xor
nop
mul
xor
mov
mov
nop
imul
mul
imul
nop
mov
mul
mov
mov
popf
mov
xchg
xchg
mov
xchg
mov
mov
xor
mov
mov
mov
xchg
xchg
mov
pushf
mov
nop
xor
mul
mul
imul
mov
nop
nop
xor
mul
mov
mul
xor
nop
mul
xor
mov
mov
nop
imul
mul
imul
nop
mov
mul
mov
mov
popf
mov
xchg
xchg
mov
xchg
mov
mov
mov
mov
lea
push
xor
push
push
push
push
push
push
lea
push
push
call
mov
mov
mov
mov
xchg
xchg
mov
pushf
mov
nop
xor
mul
mul
imul
mov
nop
nop
xor
mul
mov
mul
xor
nop
mul
xor
mov
mov
nop
imul
mul
imul
nop
mov
mul
mov
mov
popf
mov
xchg
xchg
mov
xchg
mov
mov
mov
cmp
jge
mov
mov
xchg
xchg
mov
pushf
mov
nop
xor
mul
mul
imul
mov
nop
nop
xor
mul
mov
mul
xor
nop
mul
xor
mov
mov
nop
imul
mul
imul
nop
mov
mul
mov
mov
popf
mov
xchg
xchg
mov
xchg
mov
mov
push
pop
mov
mov
mov
xchg
xchg
mov
pushf
mov
nop
xor
mul
mul
imul
mov
nop
nop
xor
mul
mov
mul
xor
nop
mul
xor
mov
mov
nop
imul
mul
imul
nop
mov
mul
mov
mov
popf
mov
xchg
xchg
mov
xchg
mov
mov
push
pop
mov
mov
mov
xchg
xchg
mov
pushf
mov
nop
xor
mul
mul
imul
mov
nop
nop
xor
mul
mov
mul
xor
nop
mul
xor
mov
mov
nop
imul
mul
imul
nop
mov
mul
mov
mov
popf
mov
xchg
xchg
mov
xchg
mov
mov
push
pop
mov
mov
mov
xchg
xchg
mov
pushf
mov
nop
xor
mul
mul
imul
mov
nop
nop
xor
mul
mov
mul
xor
nop
mul
xor
mov
mov
nop
imul
mul
imul
nop
mov
mul
mov
mov
popf
mov
xchg
xchg
mov
xchg
mov
mov
push
pop
mov
mov
mov
xchg
xchg
mov
pushf
mov
nop
xor
mul
mul
imul
mov
nop
nop
xor
mul
mov
mul
xor
nop
mul
xor
mov
mov
nop
imul
mul
imul
nop
mov
mul
mov
mov
popf
mov
xchg
xchg
mov
xchg
mov
mov
push
pop
mov
mov
mov
xchg
xchg
mov
pushf
mov
nop
xor
mul
mul
imul
mov
nop
nop
xor
mul
mov
mul
xor
nop
mul
xor
mov
mov
nop
imul
mul
imul
nop
mov
mul
mov
mov
popf
mov
xchg
xchg
mov
xchg
mov
mov
push
pop
mov
mov
mov
xchg
xchg
mov
pushf
mov
nop
xor
mul
mul
imul
mov
nop
nop
xor
mul
mov
mul
xor
nop
mul
xor
mov
mov
nop
imul
mul
imul
nop
mov
mul
mov
mov
popf
mov
xchg
xchg
mov
xchg
mov
mov
push
pop
mov
mov
mov
xchg
xchg
mov
pushf
mov
nop
xor
mul
mul
imul
mov
nop
nop
xor
mul
mov
mul
xor
nop
mul
xor
mov
mov
nop
imul
mul
imul
nop
mov
mul
mov
mov
popf
mov
xchg
xchg
mov
xchg
mov
mov
push
pop
mov
mov
mov
xchg
xchg
mov
pushf
mov
nop
xor
mul
mul
imul
mov
nop
nop
xor
mul
mov
mul
xor
nop
mul
xor
mov
mov
nop
imul
mul
imul
nop
mov
mul
mov
mov
popf
mov
xchg
xchg
mov
xchg
mov
mov
push
pop
mov
mov
mov
xchg
xchg
mov
pushf
mov
nop
xor
mul
mul
imul
mov
nop
nop
xor
mul
mov
mul
xor
nop
mul
xor
mov
mov
nop
imul
mul
imul
nop
mov
mul
mov
mov
popf
mov
xchg
xchg
mov
xchg
mov
mov
push
pop
mov
mov
mov
xchg
xchg
mov
pushf
mov
nop
xor
mul
mul
imul
mov
nop
nop
xor
mul
mov
mul
xor
nop
mul
xor
mov
mov
nop
imul
mul
imul
nop
mov
mul
mov
mov
popf
mov
xchg
xchg
mov
xchg
mov
mov
push
pop
mov
mov
mov
xchg
xchg
mov
pushf
mov
nop
xor
mul
mul
imul
mov
nop
nop
xor
mul
mov
mul
xor
nop
mul
xor
mov
mov
nop
imul
mul
imul
nop
mov
mul
mov
mov
popf
mov
xchg
xchg
mov
xchg
mov
mov
push
pop
mov
mov
mov
xchg
xchg
mov
pushf
mov
nop
xor
mul
mul
imul
mov
nop
nop
xor
mul
mov
mul
xor
nop
mul
xor
mov
mov
nop
imul
mul
imul
nop
mov
mul
mov
mov
popf
mov
xchg
xchg
mov
xchg
mov
mov
push
pop
mov
mov
mov
xchg
xchg
mov
pushf
mov
nop
xor
mul
mul
imul
mov
nop
nop
xor
mul
mov
mul
xor
nop
mul
xor
mov
mov
nop
imul
mul
imul
nop
mov
mul
mov
mov
popf
mov
xchg
xchg
mov
xchg
mov
mov
push
pop
mov
mov
mov
xchg
xchg
mov
pushf
mov
nop
xor
mul
mul
imul
mov
nop
nop
xor
mul
mov
mul
xor
nop
mul
xor
mov
mov
nop
imul
mul
imul
nop
mov
mul
mov
mov
popf
mov
xchg
xchg
mov
xchg
mov
mov
push
pop
mov
mov
mov
xchg
xchg
mov
pushf
mov
nop
xor
mul
mul
imul
mov
nop
nop
xor
mul
mov
mul
xor
nop
mul
xor
mov
mov
nop
imul
mul
imul
nop
mov
mul
mov
mov
popf
mov
xchg
xchg
mov
xchg
mov
mov
push
pop
mov
mov
mov
xchg
xchg
mov
pushf
mov
nop
xor
mul
mul
imul
mov
nop
nop
xor
mul
mov
mul
xor
nop
mul
xor
mov
mov
nop
imul
mul
imul
nop
mov
mul
mov
mov
popf
mov
xchg
xchg
mov
xchg
mov
mov
push
pop
mov
mov
mov
xchg
xchg
mov
pushf
mov
nop
xor
mul
mul
imul
mov
nop
nop
xor
mul
mov
mul
xor
nop
mul
xor
mov
mov
nop
imul
mul
imul
nop
mov
mul
mov
mov
popf
mov
xchg
xchg
mov
xchg
mov
mov
push
pop
mov
mov
mov
xchg
xchg
mov
pushf
mov
nop
xor
mul
mul
imul
mov
nop
nop
xor
mul
mov
mul
xor
nop
mul
xor
mov
mov
nop
imul
mul
imul
nop
mov
mul
mov
mov
popf
mov
xchg
xchg
mov
xchg
mov
mov
push
pop
mov
mov
mov
xchg
xchg
mov
pushf
mov
nop
xor
mul
mul
imul
mov
nop
nop
xor
mul
mov
mul
xor
nop
mul
xor
mov
mov
nop
imul
mul
imul
nop
mov
mul
mov
mov
popf
mov
xchg
xchg
mov
xchg
mov
mov
xor
mov
mov
mov
xchg
xchg
mov
pushf
mov
nop
xor
mul
mul
imul
mov
nop
nop
xor
mul
mov
mul
xor
nop
mul
xor
mov
mov
nop
imul
mul
imul
nop
mov
mul
mov
mov
popf
mov
xchg
xchg
mov
xchg
mov
mov
mov
mov
lea
push
xor
push
push
push
push
push
push
lea
push
push
call
mov
mov
mov
mov
xchg
xchg
mov
pushf
mov
nop
xor
mul
mul
imul
mov
nop
nop
xor
mul
mov
mul
xor
nop
mul
xor
mov
mov
nop
imul
mul
imul
nop
mov
mul
mov
mov
popf
mov
xchg
xchg
mov
xchg
mov
mov
mov
mov
xchg
xchg
mov
pushf
mov
nop
xor
mul
mul
imul
mov
nop
nop
xor
mul
mov
mul
xor
nop
mul
xor
mov
mov
nop
imul
mul
imul
nop
mov
mul
mov
mov
popf
mov
xchg
xchg
mov
xchg
mov
mov
mov
cmp
jge
mov
mov
xchg
xchg
mov
pushf
mov
nop
xor
mul
mul
imul
mov
nop
nop
xor
mul
mov
mul
xor
nop
mul
xor
mov
mov
nop
imul
mul
imul
nop
mov
mul
mov
mov
popf
mov
xchg
xchg
mov
xchg
mov
mov
mov
mov
push
call
mov
mov
xchg
xchg
mov
pushf
mov
nop
xor
mul
mul
imul
mov
nop
nop
xor
mul
mov
mul
xor
nop
mul
xor
mov
mov
nop
imul
mul
imul
nop
mov
mul
mov
mov
popf
mov
xchg
xchg
mov
xchg
mov
mov
call
mov
mov
xchg
xchg
mov
pushf
mov
nop
xor
mul
mul
imul
mov
nop
nop
xor
mul
mov
mul
xor
nop
mul
xor
mov
mov
nop
imul
mul
imul
nop
mov
mul
mov
mov
popf
mov
xchg
xchg
mov
xchg
mov
mov
push
jmp
mov
mov
xchg
xchg
mov
pushf
mov
nop
xor
mul
mul
imul
mov
nop
nop
xor
mul
mov
mul
xor
nop
mul
xor
mov
mov
nop
imul
mul
imul
nop
mov
mul
mov
mov
popf
mov
xchg
xchg
mov
xchg
mov
mov
mov
mov
lea
push
push
push
call
mov
mov
mov
mov
xchg
xchg
mov
pushf
mov
nop
xor
mul
mul
imul
mov
nop
nop
xor
mul
mov
mul
xor
nop
mul
xor
mov
mov
nop
imul
mul
imul
nop
mov
mul
mov
mov
popf
mov
xchg
xchg
mov
xchg
mov
mov
mov
xor
cmp
jge
mov
mov
xchg
xchg
mov
pushf
mov
nop
xor
mul
mul
imul
mov
nop
nop
xor
mul
mov
mul
xor
nop
mul
xor
mov
mov
nop
imul
mul
imul
nop
mov
mul
mov
mov
popf
mov
xchg
xchg
mov
xchg
mov
mov
mov
mov
push
call
mov
mov
xchg
xchg
mov
pushf
mov
nop
xor
mul
mul
imul
mov
nop
nop
xor
mul
mov
mul
xor
nop
mul
xor
mov
mov
nop
imul
mul
imul
nop
mov
mul
mov
mov
popf
mov
xchg
xchg
mov
xchg
mov
mov
mov
mov
push
call
mov
mov
xchg
xchg
mov
pushf
mov
nop
xor
mul
mul
imul
mov
nop
nop
xor
mul
mov
mul
xor
nop
mul
xor
mov
mov
nop
imul
mul
imul
nop
mov
mul
mov
mov
popf
mov
xchg
xchg
mov
xchg
mov
mov
call
mov
mov
xchg
xchg
mov
pushf
mov
nop
xor
mul
mul
imul
mov
nop
nop
xor
mul
mov
mul
xor
nop
mul
xor
mov
mov
nop
imul
mul
imul
nop
mov
mul
mov
mov
popf
mov
xchg
xchg
mov
xchg
mov
mov
push
jmp
push
push
push
push
push
push
push
push
call
mov
mov
mov
xchg
xchg
mov
pushf
mov
nop
xor
mul
mul
imul
mov
nop
nop
xor
mul
mov
mul
xor
nop
mul
xor
mov
mov
nop
imul
mul
imul
nop
mov
mul
mov
mov
popf
mov
xchg
xchg
mov
xchg
mov
mov
mov
cmp
jge
mov
mov
xchg
xchg
mov
pushf
mov
nop
xor
mul
mul
imul
mov
nop
nop
xor
mul
mov
mul
xor
nop
mul
xor
mov
mov
nop
imul
mul
imul
nop
mov
mul
mov
mov
popf
mov
xchg
xchg
mov
xchg
mov
mov
mov
mov
push
call
mov
mov
xchg
xchg
mov
pushf
mov
nop
xor
mul
mul
imul
mov
nop
nop
xor
mul
mov
mul
xor
nop
mul
xor
mov
mov
nop
imul
mul
imul
nop
mov
mul
mov
mov
popf
mov
xchg
xchg
mov
xchg
mov
mov
mov
mov
push
call
mov
mov
xchg
xchg
mov
pushf
mov
nop
xor
mul
mul
imul
mov
nop
nop
xor
mul
mov
mul
xor
nop
mul
xor
mov
mov
nop
imul
mul
imul
nop
mov
mul
mov
mov
popf
mov
xchg
xchg
mov
xchg
mov
mov
mov
mov
push
call
mov
mov
xchg
xchg
mov
pushf
mov
nop
xor
mul
mul
imul
mov
nop
nop
xor
mul
mov
mul
xor
nop
mul
xor
mov
mov
nop
imul
mul
imul
nop
mov
mul
mov
mov
popf
mov
xchg
xchg
mov
xchg
mov
mov
call
mov
mov
xchg
xchg
mov
pushf
mov
nop
xor
mul
mul
imul
mov
nop
nop
xor
mul
mov
mul
xor
nop
mul
xor
mov
mov
nop
imul
mul
imul
nop
mov
mul
mov
mov
popf
mov
xchg
xchg
mov
xchg
mov
mov
push
jmp
push
pop
mov
mov
mov
xchg
xchg
mov
pushf
mov
nop
xor
mul
mul
imul
mov
nop
nop
xor
mul
mov
mul
xor
nop
mul
xor
mov
mov
nop
imul
mul
imul
nop
mov
mul
mov
mov
popf
mov
xchg
xchg
mov
xchg
mov
mov
push
pop
mov
mov
mov
xchg
xchg
mov
pushf
mov
nop
xor
mul
mul
imul
mov
nop
nop
xor
mul
mov
mul
xor
nop
mul
xor
mov
mov
nop
imul
mul
imul
nop
mov
mul
mov
mov
popf
mov
xchg
xchg
mov
xchg
mov
mov
push
pop
mov
mov
mov
xchg
xchg
mov
pushf
mov
nop
xor
mul
mul
imul
mov
nop
nop
xor
mul
mov
mul
xor
nop
mul
xor
mov
mov
nop
imul
mul
imul
nop
mov
mul
mov
mov
popf
mov
xchg
xchg
mov
xchg
mov
mov
push
pop
mov
mov
mov
xchg
xchg
mov
pushf
mov
nop
xor
mul
mul
imul
mov
nop
nop
xor
mul
mov
mul
xor
nop
mul
xor
mov
mov
nop
imul
mul
imul
nop
mov
mul
mov
mov
popf
mov
xchg
xchg
mov
xchg
mov
mov
push
pop
mov
mov
mov
xchg
xchg
mov
pushf
mov
nop
xor
mul
mul
imul
mov
nop
nop
xor
mul
mov
mul
xor
nop
mul
xor
mov
mov
nop
imul
mul
imul
nop
mov
mul
mov
mov
popf
mov
xchg
xchg
mov
xchg
mov
mov
push
pop
mov
mov
mov
xchg
xchg
mov
pushf
mov
nop
xor
mul
mul
imul
mov
nop
nop
xor
mul
mov
mul
xor
nop
mul
xor
mov
mov
nop
imul
mul
imul
nop
mov
mul
mov
mov
popf
mov
xchg
xchg
mov
xchg
mov
mov
push
pop
mov
mov
mov
xchg
xchg
mov
pushf
mov
nop
xor
mul
mul
imul
mov
nop
nop
xor
mul
mov
mul
xor
nop
mul
xor
mov
mov
nop
imul
mul
imul
nop
mov
mul
mov
mov
popf
mov
xchg
xchg
mov
xchg
mov
mov
push
pop
mov
mov
mov
xchg
xchg
mov
pushf
mov
nop
xor
mul
mul
imul
mov
nop
nop
xor
mul
mov
mul
xor
nop
mul
xor
mov
mov
nop
imul
mul
imul
nop
mov
mul
mov
mov
popf
mov
xchg
xchg
mov
xchg
mov
mov
push
pop
mov
mov
mov
xchg
xchg
mov
pushf
mov
nop
xor
mul
mul
imul
mov
nop
nop
xor
mul
mov
mul
xor
nop
mul
xor
mov
mov
nop
imul
mul
imul
nop
mov
mul
mov
mov
popf
mov
xchg
xchg
mov
xchg
mov
mov
push
pop
mov
mov
mov
xchg
xchg
mov
pushf
mov
nop
xor
mul
mul
imul
mov
nop
nop
xor
mul
mov
mul
xor
nop
mul
xor
mov
mov
nop
imul
mul
imul
nop
mov
mul
mov
mov
popf
mov
xchg
xchg
mov
xchg
mov
mov
push
pop
mov
mov
mov
xchg
xchg
mov
pushf
mov
nop
xor
mul
mul
imul
mov
nop
nop
xor
mul
mov
mul
xor
nop
mul
xor
mov
mov
nop
imul
mul
imul
nop
mov
mul
mov
mov
popf
mov
xchg
xchg
mov
xchg
mov
mov
push
pop
mov
mov
mov
xchg
xchg
mov
pushf
mov
nop
xor
mul
mul
imul
mov
nop
nop
xor
mul
mov
mul
xor
nop
mul
xor
mov
mov
nop
imul
mul
imul
nop
mov
mul
mov
mov
popf
mov
xchg
xchg
mov
xchg
mov
mov
push
pop
mov
mov
mov
xchg
xchg
mov
pushf
mov
nop
xor
mul
mul
imul
mov
nop
nop
xor
mul
mov
mul
xor
nop
mul
xor
mov
mov
nop
imul
mul
imul
nop
mov
mul
mov
mov
popf
mov
xchg
xchg
mov
xchg
mov
mov
push
pop
mov
mov
mov
xchg
xchg
mov
pushf
mov
nop
xor
mul
mul
imul
mov
nop
nop
xor
mul
mov
mul
xor
nop
mul
xor
mov
mov
nop
imul
mul
imul
nop
mov
mul
mov
mov
popf
mov
xchg
xchg
mov
xchg
mov
mov
xor
mov
mov
mov
xchg
xchg
mov
pushf
mov
nop
xor
mul
mul
imul
mov
nop
nop
xor
mul
mov
mul
xor
nop
mul
xor
mov
mov
nop
imul
mul
imul
nop
mov
mul
mov
mov
popf
mov
xchg
xchg
mov
xchg
mov
mov
lea
push
lea
push
call
mov
mov
xchg
xchg
mov
pushf
mov
nop
xor
mul
mul
imul
mov
nop
nop
xor
mul
mov
mul
xor
nop
mul
xor
mov
mov
nop
imul
mul
imul
nop
mov
mul
mov
mov
popf
mov
xchg
xchg
mov
xchg
mov
mov
mov
push
lea
push
call
mov
mov
xchg
xchg
mov
pushf
mov
nop
xor
mul
mul
imul
mov
nop
nop
xor
mul
mov
mul
xor
nop
mul
xor
mov
mov
nop
imul
mul
imul
nop
mov
mul
mov
mov
popf
mov
xchg
xchg
mov
xchg
mov
mov
push
pop
mov
mov
mov
xchg
xchg
mov
pushf
mov
nop
xor
mul
mul
imul
mov
nop
nop
xor
mul
mov
mul
xor
nop
mul
xor
mov
mov
nop
imul
mul
imul
nop
mov
mul
mov
mov
popf
mov
xchg
xchg
mov
xchg
mov
mov
push
pop
mov
mov
mov
xchg
xchg
mov
pushf
mov
nop
xor
mul
mul
imul
mov
nop
nop
xor
mul
mov
mul
xor
nop
mul
xor
mov
mov
nop
imul
mul
imul
nop
mov
mul
mov
mov
popf
mov
xchg
xchg
mov
xchg
mov
mov
push
pop
mov
mov
mov
xchg
xchg
mov
pushf
mov
nop
xor
mul
mul
imul
mov
nop
nop
xor
mul
mov
mul
xor
nop
mul
xor
mov
mov
nop
imul
mul
imul
nop
mov
mul
mov
mov
popf
mov
xchg
xchg
mov
xchg
mov
mov
xor
mov
mov
mov
xchg
xchg
mov
pushf
mov
nop
xor
mul
mul
imul
mov
nop
nop
xor
mul
mov
mul
xor
nop
mul
xor
mov
mov
nop
imul
mul
imul
nop
mov
mul
mov
mov
popf
mov
xchg
xchg
mov
xchg
mov
mov
mov
mov
lea
push
push
push
lea
push
lea
push
push
call
mov
mov
mov
mov
xchg
xchg
mov
pushf
mov
nop
xor
mul
mul
imul
mov
nop
nop
xor
mul
mov
mul
xor
nop
mul
xor
mov
mov
nop
imul
mul
imul
nop
mov
mul
mov
mov
popf
mov
xchg
xchg
mov
xchg
mov
mov
mov
xor
cmp
jge
mov
mov
xchg
xchg
mov
pushf
mov
nop
xor
mul
mul
imul
mov
nop
nop
xor
mul
mov
mul
xor
nop
mul
xor
mov
mov
nop
imul
mul
imul
nop
mov
mul
mov
mov
popf
mov
xchg
xchg
mov
xchg
mov
mov
mov
mov
push
call
mov
mov
xchg
xchg
mov
pushf
mov
nop
xor
mul
mul
imul
mov
nop
nop
xor
mul
mov
mul
xor
nop
mul
xor
mov
mov
nop
imul
mul
imul
nop
mov
mul
mov
mov
popf
mov
xchg
xchg
mov
xchg
mov
mov
mov
mov
push
call
mov
mov
xchg
xchg
mov
pushf
mov
nop
xor
mul
mul
imul
mov
nop
nop
xor
mul
mov
mul
xor
nop
mul
xor
mov
mov
nop
imul
mul
imul
nop
mov
mul
mov
mov
popf
mov
xchg
xchg
mov
xchg
mov
mov
mov
mov
push
call
mov
mov
xchg
xchg
mov
pushf
mov
nop
xor
mul
mul
imul
mov
nop
nop
xor
mul
mov
mul
xor
nop
mul
xor
mov
mov
nop
imul
mul
imul
nop
mov
mul
mov
mov
popf
mov
xchg
xchg
mov
xchg
mov
mov
call
mov
mov
xchg
xchg
mov
pushf
mov
nop
xor
mul
mul
imul
mov
nop
nop
xor
mul
mov
mul
xor
nop
mul
xor
mov
mov
nop
imul
mul
imul
nop
mov
mul
mov
mov
popf
mov
xchg
xchg
mov
xchg
mov
mov
push
jmp
mov
mov
cmp
mov
mov
lea
push
lea
push
push
push
push
call
mov
mov
mov
xchg
xchg
mov
pushf
mov
nop
xor
mul
mul
imul
mov
nop
nop
xor
mul
mov
mul
xor
nop
mul
xor
mov
mov
nop
imul
mul
imul
nop
mov
mul
mov
mov
popf
mov
xchg
xchg
mov
xchg
mov
mov
cmp
jl
cmp
mov
push
push
call
pop
pop
mov
mov
mov
xchg
xchg
mov
pushf
mov
nop
xor
mul
mul
imul
mov
nop
nop
xor
mul
mov
mul
xor
nop
mul
xor
mov
mov
nop
imul
mul
imul
nop
mov
mul
mov
mov
popf
mov
xchg
xchg
mov
xchg
mov
mov
mov
mov
push
call
mov
mov
xchg
xchg
mov
pushf
mov
nop
xor
mul
mul
imul
mov
nop
nop
xor
mul
mov
mul
xor
nop
mul
xor
mov
mov
nop
imul
mul
imul
nop
mov
mul
mov
mov
popf
mov
xchg
xchg
mov
xchg
mov
mov
cmp
jl
mov
mov
xchg
xchg
mov
pushf
mov
nop
xor
mul
mul
imul
mov
nop
nop
xor
mul
mov
mul
xor
nop
mul
xor
mov
mov
nop
imul
mul
imul
nop
mov
mul
mov
mov
popf
mov
xchg
xchg
mov
xchg
mov
mov
mov
mov
xchg
xchg
mov
pushf
mov
nop
xor
mul
mul
imul
mov
nop
nop
xor
mul
mov
mul
xor
nop
mul
xor
mov
mov
nop
imul
mul
imul
nop
mov
mul
mov
mov
popf
mov
xchg
xchg
mov
xchg
mov
mov
cmp
jmp
mov
mov
xchg
xchg
mov
pushf
mov
nop
xor
mul
mul
imul
mov
nop
nop
xor
mul
mov
mul
xor
nop
mul
xor
mov
mov
nop
imul
mul
imul
nop
mov
mul
mov
mov
popf
mov
xchg
xchg
mov
xchg
mov
mov
mov
test
jge
mov
mov
mov
mov
xchg
xchg
mov
pushf
mov
nop
xor
mul
mul
imul
mov
nop
nop
xor
mul
mov
mul
xor
nop
mul
xor
mov
mov
nop
imul
mul
imul
nop
mov
mul
mov
mov
popf
mov
xchg
xchg
mov
xchg
mov
mov
mov
mov
mov
xchg
xchg
mov
pushf
mov
nop
xor
mul
mul
imul
mov
nop
nop
xor
mul
mov
mul
xor
nop
mul
xor
mov
mov
nop
imul
mul
imul
nop
mov
mul
mov
mov
popf
mov
xchg
xchg
mov
xchg
mov
mov
mov
mov
xchg
xchg
mov
pushf
mov
nop
xor
mul
mul
imul
mov
nop
nop
xor
mul
mov
mul
xor
nop
mul
xor
mov
mov
nop
imul
mul
imul
nop
mov
mul
mov
mov
popf
mov
xchg
xchg
mov
xchg
mov
mov
mov
mov
xchg
xchg
mov
pushf
mov
nop
xor
mul
mul
imul
mov
nop
nop
xor
mul
mov
mul
xor
nop
mul
xor
mov
mov
nop
imul
mul
imul
nop
mov
mul
mov
mov
popf
mov
xchg
xchg
mov
xchg
mov
mov
mov
test
mov
push
call
mov
mov
xchg
xchg
mov
pushf
mov
nop
xor
mul
mul
imul
mov
nop
nop
xor
mul
mov
mul
xor
nop
mul
xor
mov
mov
nop
imul
mul
imul
nop
mov
mul
mov
mov
popf
mov
xchg
xchg
mov
xchg
mov
mov
mov
test
mov
push
call
mov
mov
xchg
xchg
mov
pushf
mov
nop
xor
mul
mul
imul
mov
nop
nop
xor
mul
mov
mul
xor
nop
mul
xor
mov
mov
nop
imul
mul
imul
nop
mov
mul
mov
mov
popf
mov
xchg
xchg
mov
xchg
mov
mov
mov
test
mov
push
call
mov
mov
xchg
xchg
mov
pushf
mov
nop
xor
mul
mul
imul
mov
nop
nop
xor
mul
mov
mul
xor
nop
mul
xor
mov
mov
nop
imul
mul
imul
nop
mov
mul
mov
mov
popf
mov
xchg
xchg
mov
xchg
mov
mov
mov
test
mov
push
call
mov
mov
xchg
xchg
mov
pushf
mov
nop
xor
mul
mul
imul
mov
nop
nop
xor
mul
mov
mul
xor
nop
mul
xor
mov
mov
nop
imul
mul
imul
nop
mov
mul
mov
mov
popf
mov
xchg
xchg
mov
xchg
mov
mov
cmp
jl
call
mov
mov
xchg
xchg
mov
pushf
mov
nop
xor
mul
mul
imul
mov
nop
nop
xor
mul
mov
mul
xor
nop
mul
xor
mov
mov
nop
imul
mul
imul
nop
mov
mul
mov
mov
popf
mov
xchg
xchg
mov
xchg
mov
mov
mov
mov
pop
pop
xor
pop
call
add
leave
push
push
mov
push
push
push
pop
mov
mov
mov
xchg
xchg
mov
pushf
mov
nop
xor
mul
mul
imul
mov
nop
nop
xor
mul
mov
mul
xor
nop
mul
xor
mov
mov
nop
imul
mul
imul
nop
mov
mul
mov
mov
popf
mov
xchg
xchg
mov
xchg
mov
mov
push
pop
mov
mov
mov
xchg
xchg
mov
pushf
mov
nop
xor
mul
mul
imul
mov
nop
nop
xor
mul
mov
mul
xor
nop
mul
xor
mov
mov
nop
imul
mul
imul
nop
mov
mul
mov
mov
popf
mov
xchg
xchg
mov
xchg
mov
mov
push
pop
mov
mov
mov
xchg
xchg
mov
pushf
mov
nop
xor
mul
mul
imul
mov
nop
nop
xor
mul
mov
mul
xor
nop
mul
xor
mov
mov
nop
imul
mul
imul
nop
mov
mul
mov
mov
popf
mov
xchg
xchg
mov
xchg
mov
mov
push
pop
mov
mov
mov
xchg
xchg
mov
pushf
mov
nop
xor
mul
mul
imul
mov
nop
nop
xor
mul
mov
mul
xor
nop
mul
xor
mov
mov
nop
imul
mul
imul
nop
mov
mul
mov
mov
popf
mov
xchg
xchg
mov
xchg
mov
mov
push
pop
mov
mov
mov
xchg
xchg
mov
pushf
mov
nop
xor
mul
mul
imul
mov
nop
nop
xor
mul
mov
mul
xor
nop
mul
xor
mov
mov
nop
imul
mul
imul
nop
mov
mul
mov
mov
popf
mov
xchg
xchg
mov
xchg
mov
mov
push
pop
mov
mov
mov
xchg
xchg
mov
pushf
mov
nop
xor
mul
mul
imul
mov
nop
nop
xor
mul
mov
mul
xor
nop
mul
xor
mov
mov
nop
imul
mul
imul
nop
mov
mul
mov
mov
popf
mov
xchg
xchg
mov
xchg
mov
mov
push
pop
mov
mov
mov
xchg
xchg
mov
pushf
mov
nop
xor
mul
mul
imul
mov
nop
nop
xor
mul
mov
mul
xor
nop
mul
xor
mov
mov
nop
imul
mul
imul
nop
mov
mul
mov
mov
popf
mov
xchg
xchg
mov
xchg
mov
mov
push
pop
mov
mov
mov
xchg
xchg
mov
pushf
mov
nop
xor
mul
mul
imul
mov
nop
nop
xor
mul
mov
mul
xor
nop
mul
xor
mov
mov
nop
imul
mul
imul
nop
mov
mul
mov
mov
popf
mov
xchg
xchg
mov
xchg
mov
mov
push
pop
mov
mov
mov
xchg
xchg
mov
pushf
mov
nop
xor
mul
mul
imul
mov
nop
nop
xor
mul
mov
mul
xor
nop
mul
xor
mov
mov
nop
imul
mul
imul
nop
mov
mul
mov
mov
popf
mov
xchg
xchg
mov
xchg
mov
mov
push
pop
mov
mov
mov
xchg
xchg
mov
pushf
mov
nop
xor
mul
mul
imul
mov
nop
nop
xor
mul
mov
mul
xor
nop
mul
xor
mov
mov
nop
imul
mul
imul
nop
mov
mul
mov
mov
popf
mov
xchg
xchg
mov
xchg
mov
mov
push
pop
mov
mov
mov
xchg
xchg
mov
pushf
mov
nop
xor
mul
mul
imul
mov
nop
nop
xor
mul
mov
mul
xor
nop
mul
xor
mov
mov
nop
imul
mul
imul
nop
mov
mul
mov
mov
popf
mov
xchg
xchg
mov
xchg
mov
mov
push
pop
mov
mov
mov
xchg
xchg
mov
pushf
mov
nop
xor
mul
mul
imul
mov
nop
nop
xor
mul
mov
mul
xor
nop
mul
xor
mov
mov
nop
imul
mul
imul
nop
mov
mul
mov
mov
popf
mov
xchg
xchg
mov
xchg
mov
mov
push
pop
mov
mov
mov
xchg
xchg
mov
pushf
mov
nop
xor
mul
mul
imul
mov
nop
nop
xor
mul
mov
mul
xor
nop
mul
xor
mov
mov
nop
imul
mul
imul
nop
mov
mul
mov
mov
popf
mov
xchg
xchg
mov
xchg
mov
mov
push
pop
mov
mov
mov
xchg
xchg
mov
pushf
mov
nop
xor
mul
mul
imul
mov
nop
nop
xor
mul
mov
mul
xor
nop
mul
xor
mov
mov
nop
imul
mul
imul
nop
mov
mul
mov
mov
popf
mov
xchg
xchg
mov
xchg
mov
mov
pop
xor
pop
mov
pop
pop
push
push
mov
push
push
push
pop
mov
mov
mov
xchg
xchg
mov
pushf
mov
nop
xor
mul
mul
imul
mov
nop
nop
xor
mul
mov
mul
xor
nop
mul
xor
mov
mov
nop
imul
mul
imul
nop
mov
mul
mov
mov
popf
mov
xchg
xchg
mov
xchg
mov
mov
push
pop
mov
mov
mov
xchg
xchg
mov
pushf
mov
nop
xor
mul
mul
imul
mov
nop
nop
xor
mul
mov
mul
xor
nop
mul
xor
mov
mov
nop
imul
mul
imul
nop
mov
mul
mov
mov
popf
mov
xchg
xchg
mov
xchg
mov
mov
push
pop
mov
mov
mov
xchg
xchg
mov
pushf
mov
nop
xor
mul
mul
imul
mov
nop
nop
xor
mul
mov
mul
xor
nop
mul
xor
mov
mov
nop
imul
mul
imul
nop
mov
mul
mov
mov
popf
mov
xchg
xchg
mov
xchg
mov
mov
push
pop
mov
mov
mov
xchg
xchg
mov
pushf
mov
nop
xor
mul
mul
imul
mov
nop
nop
xor
mul
mov
mul
xor
nop
mul
xor
mov
mov
nop
imul
mul
imul
nop
mov
mul
mov
mov
popf
mov
xchg
xchg
mov
xchg
mov
mov
push
pop
mov
mov
mov
xchg
xchg
mov
pushf
mov
nop
xor
mul
mul
imul
mov
nop
nop
xor
mul
mov
mul
xor
nop
mul
xor
mov
mov
nop
imul
mul
imul
nop
mov
mul
mov
mov
popf
mov
xchg
xchg
mov
xchg
mov
mov
push
pop
mov
mov
mov
xchg
xchg
mov
pushf
mov
nop
xor
mul
mul
imul
mov
nop
nop
xor
mul
mov
mul
xor
nop
mul
xor
mov
mov
nop
imul
mul
imul
nop
mov
mul
mov
mov
popf
mov
xchg
xchg
mov
xchg
mov
mov
push
pop
mov
mov
mov
xchg
xchg
mov
pushf
mov
nop
xor
mul
mul
imul
mov
nop
nop
xor
mul
mov
mul
xor
nop
mul
xor
mov
mov
nop
imul
mul
imul
nop
mov
mul
mov
mov
popf
mov
xchg
xchg
mov
xchg
mov
mov
push
pop
mov
mov
mov
xchg
xchg
mov
pushf
mov
nop
xor
mul
mul
imul
mov
nop
nop
xor
mul
mov
mul
xor
nop
mul
xor
mov
mov
nop
imul
mul
imul
nop
mov
mul
mov
mov
popf
mov
xchg
xchg
mov
xchg
mov
mov
push
pop
mov
mov
mov
xchg
xchg
mov
pushf
mov
nop
xor
mul
mul
imul
mov
nop
nop
xor
mul
mov
mul
xor
nop
mul
xor
mov
mov
nop
imul
mul
imul
nop
mov
mul
mov
mov
popf
mov
xchg
xchg
mov
xchg
mov
mov
push
pop
mov
mov
mov
xchg
xchg
mov
pushf
mov
nop
xor
mul
mul
imul
mov
nop
nop
xor
mul
mov
mul
xor
nop
mul
xor
mov
mov
nop
imul
mul
imul
nop
mov
mul
mov
mov
popf
mov
xchg
xchg
mov
xchg
mov
mov
push
pop
mov
mov
mov
xchg
xchg
mov
pushf
mov
nop
xor
mul
mul
imul
mov
nop
nop
xor
mul
mov
mul
xor
nop
mul
xor
mov
mov
nop
imul
mul
imul
nop
mov
mul
mov
mov
popf
mov
xchg
xchg
mov
xchg
mov
mov
mov
mov
xchg
xchg
mov
pushf
mov
nop
xor
mul
mul
imul
mov
nop
nop
xor
mul
mov
mul
xor
nop
mul
xor
mov
mov
nop
imul
mul
imul
nop
mov
mul
mov
mov
popf
mov
xchg
xchg
mov
xchg
mov
mov
push
pop
mov
mov
mov
xchg
xchg
mov
pushf
mov
nop
xor
mul
mul
imul
mov
nop
nop
xor
mul
mov
mul
xor
nop
mul
xor
mov
mov
nop
imul
mul
imul
nop
mov
mul
mov
mov
popf
mov
xchg
xchg
mov
xchg
mov
mov
push
pop
mov
mov
mov
xchg
xchg
mov
pushf
mov
nop
xor
mul
mul
imul
mov
nop
nop
xor
mul
mov
mul
xor
nop
mul
xor
mov
mov
nop
imul
mul
imul
nop
mov
mul
mov
mov
popf
mov
xchg
xchg
mov
xchg
mov
mov
push
pop
mov
mov
mov
xchg
xchg
mov
pushf
mov
nop
xor
mul
mul
imul
mov
nop
nop
xor
mul
mov
mul
xor
nop
mul
xor
mov
mov
nop
imul
mul
imul
nop
mov
mul
mov
mov
popf
mov
xchg
xchg
mov
xchg
mov
mov
push
pop
mov
mov
mov
xchg
xchg
mov
pushf
mov
nop
xor
mul
mul
imul
mov
nop
nop
xor
mul
mov
mul
xor
nop
mul
xor
mov
mov
nop
imul
mul
imul
nop
mov
mul
mov
mov
popf
mov
xchg
xchg
mov
xchg
mov
mov
push
pop
mov
mov
mov
xchg
xchg
mov
pushf
mov
nop
xor
mul
mul
imul
mov
nop
nop
xor
mul
mov
mul
xor
nop
mul
xor
mov
mov
nop
imul
mul
imul
nop
mov
mul
mov
mov
popf
mov
xchg
xchg
mov
xchg
mov
mov
push
pop
mov
mov
mov
xchg
xchg
mov
pushf
mov
nop
xor
mul
mul
imul
mov
nop
nop
xor
mul
mov
mul
xor
nop
mul
xor
mov
mov
nop
imul
mul
imul
nop
mov
mul
mov
mov
popf
mov
xchg
xchg
mov
xchg
mov
mov
push
pop
mov
mov
mov
xchg
xchg
mov
pushf
mov
nop
xor
mul
mul
imul
mov
nop
nop
xor
mul
mov
mul
xor
nop
mul
xor
mov
mov
nop
imul
mul
imul
nop
mov
mul
mov
mov
popf
mov
xchg
xchg
mov
xchg
mov
mov
push
pop
mov
mov
mov
xchg
xchg
mov
pushf
mov
nop
xor
mul
mul
imul
mov
nop
nop
xor
mul
mov
mul
xor
nop
mul
xor
mov
mov
nop
imul
mul
imul
nop
mov
mul
mov
mov
popf
mov
xchg
xchg
mov
xchg
mov
mov
push
pop
mov
mov
mov
xchg
xchg
mov
pushf
mov
nop
xor
mul
mul
imul
mov
nop
nop
xor
mul
mov
mul
xor
nop
mul
xor
mov
mov
nop
imul
mul
imul
nop
mov
mul
mov
mov
popf
mov
xchg
xchg
mov
xchg
mov
mov
push
pop
mov
mov
mov
xchg
xchg
mov
pushf
mov
nop
xor
mul
mul
imul
mov
nop
nop
xor
mul
mov
mul
xor
nop
mul
xor
mov
mov
nop
imul
mul
imul
nop
mov
mul
mov
mov
popf
mov
xchg
xchg
mov
xchg
mov
mov
push
pop
mov
mov
mov
xchg
xchg
mov
pushf
mov
nop
xor
mul
mul
imul
mov
nop
nop
xor
mul
mov
mul
xor
nop
mul
xor
mov
mov
nop
imul
mul
imul
nop
mov
mul
mov
mov
popf
mov
xchg
xchg
mov
xchg
mov
mov
push
pop
mov
mov
mov
xchg
xchg
mov
pushf
mov
nop
xor
mul
mul
imul
mov
nop
nop
xor
mul
mov
mul
xor
nop
mul
xor
mov
mov
nop
imul
mul
imul
nop
mov
mul
mov
mov
popf
mov
xchg
xchg
mov
xchg
mov
mov
xor
mov
mov
mov
xchg
xchg
mov
pushf
mov
nop
xor
mul
mul
imul
mov
nop
nop
xor
mul
mov
mul
xor
nop
mul
xor
mov
mov
nop
imul
mul
imul
nop
mov
mul
mov
mov
popf
mov
xchg
xchg
mov
xchg
mov
mov
pop
pop
pop
pop
push
push
mov
push
push
push
pop
mov
mov
mov
xchg
xchg
mov
pushf
mov
nop
xor
mul
mul
imul
mov
nop
nop
xor
mul
mov
mul
xor
nop
mul
xor
mov
mov
nop
imul
mul
imul
nop
mov
mul
mov
mov
popf
mov
xchg
xchg
mov
xchg
mov
mov
push
pop
mov
mov
mov
xchg
xchg
mov
pushf
mov
nop
xor
mul
mul
imul
mov
nop
nop
xor
mul
mov
mul
xor
nop
mul
xor
mov
mov
nop
imul
mul
imul
nop
mov
mul
mov
mov
popf
mov
xchg
xchg
mov
xchg
mov
mov
push
pop
mov
mov
mov
xchg
xchg
mov
pushf
mov
nop
xor
mul
mul
imul
mov
nop
nop
xor
mul
mov
mul
xor
nop
mul
xor
mov
mov
nop
imul
mul
imul
nop
mov
mul
mov
mov
popf
mov
xchg
xchg
mov
xchg
mov
mov
push
pop
mov
mov
mov
xchg
xchg
mov
pushf
mov
nop
xor
mul
mul
imul
mov
nop
nop
xor
mul
mov
mul
xor
nop
mul
xor
mov
mov
nop
imul
mul
imul
nop
mov
mul
mov
mov
popf
mov
xchg
xchg
mov
xchg
mov
mov
push
pop
mov
mov
mov
xchg
xchg
mov
pushf
mov
nop
xor
mul
mul
imul
mov
nop
nop
xor
mul
mov
mul
xor
nop
mul
xor
mov
mov
nop
imul
mul
imul
nop
mov
mul
mov
mov
popf
mov
xchg
xchg
mov
xchg
mov
mov
push
pop
mov
mov
mov
xchg
xchg
mov
pushf
mov
nop
xor
mul
mul
imul
mov
nop
nop
xor
mul
mov
mul
xor
nop
mul
xor
mov
mov
nop
imul
mul
imul
nop
mov
mul
mov
mov
popf
mov
xchg
xchg
mov
xchg
mov
mov
push
pop
mov
mov
mov
xchg
xchg
mov
pushf
mov
nop
xor
mul
mul
imul
mov
nop
nop
xor
mul
mov
mul
xor
nop
mul
xor
mov
mov
nop
imul
mul
imul
nop
mov
mul
mov
mov
popf
mov
xchg
xchg
mov
xchg
mov
mov
push
pop
mov
mov
mov
xchg
xchg
mov
pushf
mov
nop
xor
mul
mul
imul
mov
nop
nop
xor
mul
mov
mul
xor
nop
mul
xor
mov
mov
nop
imul
mul
imul
nop
mov
mul
mov
mov
popf
mov
xchg
xchg
mov
xchg
mov
mov
push
pop
mov
mov
mov
xchg
xchg
mov
pushf
mov
nop
xor
mul
mul
imul
mov
nop
nop
xor
mul
mov
mul
xor
nop
mul
xor
mov
mov
nop
imul
mul
imul
nop
mov
mul
mov
mov
popf
mov
xchg
xchg
mov
xchg
mov
mov
push
pop
mov
mov
mov
xchg
xchg
mov
pushf
mov
nop
xor
mul
mul
imul
mov
nop
nop
xor
mul
mov
mul
xor
nop
mul
xor
mov
mov
nop
imul
mul
imul
nop
mov
mul
mov
mov
popf
mov
xchg
xchg
mov
xchg
mov
mov
push
pop
mov
mov
mov
xchg
xchg
mov
pushf
mov
nop
xor
mul
mul
imul
mov
nop
nop
xor
mul
mov
mul
xor
nop
mul
xor
mov
mov
nop
imul
mul
imul
nop
mov
mul
mov
mov
popf
mov
xchg
xchg
mov
xchg
mov
mov
push
pop
mov
mov
mov
xchg
xchg
mov
pushf
mov
nop
xor
mul
mul
imul
mov
nop
nop
xor
mul
mov
mul
xor
nop
mul
xor
mov
mov
nop
imul
mul
imul
nop
mov
mul
mov
mov
popf
mov
xchg
xchg
mov
xchg
mov
mov
push
pop
mov
mov
mov
xchg
xchg
mov
pushf
mov
nop
xor
mul
mul
imul
mov
nop
nop
xor
mul
mov
mul
xor
nop
mul
xor
mov
mov
nop
imul
mul
imul
nop
mov
mul
mov
mov
popf
mov
xchg
xchg
mov
xchg
mov
mov
xor
mov
mov
mov
xchg
xchg
mov
pushf
mov
nop
xor
mul
mul
imul
mov
nop
nop
xor
mul
mov
mul
xor
nop
mul
xor
mov
mov
nop
imul
mul
imul
nop
mov
mul
mov
mov
popf
mov
xchg
xchg
mov
xchg
mov
mov
pop
pop
pop
pop
push
push
mov
push
push
push
pop
mov
mov
mov
xchg
xchg
mov
pushf
mov
nop
xor
mul
mul
imul
mov
nop
nop
xor
mul
mov
mul
xor
nop
mul
xor
mov
mov
nop
imul
mul
imul
nop
mov
mul
mov
mov
popf
mov
xchg
xchg
mov
xchg
mov
mov
push
pop
mov
mov
mov
xchg
xchg
mov
pushf
mov
nop
xor
mul
mul
imul
mov
nop
nop
xor
mul
mov
mul
xor
nop
mul
xor
mov
mov
nop
imul
mul
imul
nop
mov
mul
mov
mov
popf
mov
xchg
xchg
mov
xchg
mov
mov
push
pop
mov
mov
mov
xchg
xchg
mov
pushf
mov
nop
xor
mul
mul
imul
mov
nop
nop
xor
mul
mov
mul
xor
nop
mul
xor
mov
mov
nop
imul
mul
imul
nop
mov
mul
mov
mov
popf
mov
xchg
xchg
mov
xchg
mov
mov
push
pop
mov
mov
mov
xchg
xchg
mov
pushf
mov
nop
xor
mul
mul
imul
mov
nop
nop
xor
mul
mov
mul
xor
nop
mul
xor
mov
mov
nop
imul
mul
imul
nop
mov
mul
mov
mov
popf
mov
xchg
xchg
mov
xchg
mov
mov
push
pop
mov
mov
mov
xchg
xchg
mov
pushf
mov
nop
xor
mul
mul
imul
mov
nop
nop
xor
mul
mov
mul
xor
nop
mul
xor
mov
mov
nop
imul
mul
imul
nop
mov
mul
mov
mov
popf
mov
xchg
xchg
mov
xchg
mov
mov
push
pop
mov
mov
mov
xchg
xchg
mov
pushf
mov
nop
xor
mul
mul
imul
mov
nop
nop
xor
mul
mov
mul
xor
nop
mul
xor
mov
mov
nop
imul
mul
imul
nop
mov
mul
mov
mov
popf
mov
xchg
xchg
mov
xchg
mov
mov
push
pop
mov
mov
mov
xchg
xchg
mov
pushf
mov
nop
xor
mul
mul
imul
mov
nop
nop
xor
mul
mov
mul
xor
nop
mul
xor
mov
mov
nop
imul
mul
imul
nop
mov
mul
mov
mov
popf
mov
xchg
xchg
mov
xchg
mov
mov
push
pop
mov
mov
mov
xchg
xchg
mov
pushf
mov
nop
xor
mul
mul
imul
mov
nop
nop
xor
mul
mov
mul
xor
nop
mul
xor
mov
mov
nop
imul
mul
imul
nop
mov
mul
mov
mov
popf
mov
xchg
xchg
mov
xchg
mov
mov
push
pop
mov
mov
mov
xchg
xchg
mov
pushf
mov
nop
xor
mul
mul
imul
mov
nop
nop
xor
mul
mov
mul
xor
nop
mul
xor
mov
mov
nop
imul
mul
imul
nop
mov
mul
mov
mov
popf
mov
xchg
xchg
mov
xchg
mov
mov
push
pop
mov
mov
mov
xchg
xchg
mov
pushf
mov
nop
xor
mul
mul
imul
mov
nop
nop
xor
mul
mov
mul
xor
nop
mul
xor
mov
mov
nop
imul
mul
imul
nop
mov
mul
mov
mov
popf
mov
xchg
xchg
mov
xchg
mov
mov
push
pop
mov
mov
mov
xchg
xchg
mov
pushf
mov
nop
xor
mul
mul
imul
mov
nop
nop
xor
mul
mov
mul
xor
nop
mul
xor
mov
mov
nop
imul
mul
imul
nop
mov
mul
mov
mov
popf
mov
xchg
xchg
mov
xchg
mov
mov
xor
mov
mov
mov
xchg
xchg
mov
pushf
mov
nop
xor
mul
mul
imul
mov
nop
nop
xor
mul
mov
mul
xor
nop
mul
xor
mov
mov
nop
imul
mul
imul
nop
mov
mul
mov
mov
popf
mov
xchg
xchg
mov
xchg
mov
mov
pop
pop
pop
pop
push
mov
push
push
mov
push
push
xor
push
push
push
push
push
push
push
push
call
mov
inc
push
call
mov
push
push
push
mov
mov
call
add
push
push
push
push
push
push
push
push
call
pop
pop
pop
leave
sub
push
push
push
push
push
call
mov
add
push
call
pop
mov
mov
mov
xchg
xchg
mov
pushf
mov
nop
xor
mul
mul
imul
mov
nop
nop
xor
mul
mov
mul
xor
nop
mul
xor
mov
mov
nop
imul
mul
imul
nop
mov
mul
mov
mov
popf
mov
xchg
xchg
mov
xchg
mov
mov
mov
cdq
xor
sub
sar
inc
cmp
mov
jle
mov
mov
mov
xchg
xchg
mov
pushf
mov
nop
xor
mul
mul
imul
mov
nop
nop
xor
mul
mov
mul
xor
nop
mul
xor
mov
mov
nop
imul
mul
imul
nop
mov
mul
mov
mov
popf
mov
xchg
xchg
mov
xchg
mov
mov
mov
mov
mov
mov
inc
cmp
jl
mov
xor
mov
mov
mov
xchg
xchg
mov
pushf
mov
nop
xor
mul
mul
imul
mov
nop
nop
xor
mul
mov
mul
xor
nop
mul
xor
mov
mov
nop
imul
mul
imul
nop
mov
mul
mov
mov
popf
mov
xchg
xchg
mov
xchg
mov
mov
mov
pop
pop
pop
pop
add
push
push
push
call
mov
push
call
mov
mov
cdq
and
add
mov
pop
sar
xor
test
jle
lea
mov
mov
inc
add
cmp
jl
pop
mov
mov
pop
sub
push
push
push
push
push
call
push
mov
call
pop
mov
mov
mov
xchg
xchg
mov
pushf
mov
nop
xor
mul
mul
imul
mov
nop
nop
xor
mul
mov
mul
xor
nop
mul
xor
mov
mov
nop
imul
mul
imul
nop
mov
mul
mov
mov
popf
mov
xchg
xchg
mov
xchg
mov
mov
mov
cdq
sub
sar
xor
mov
test
jle
mov
mov
mov
mov
xchg
xchg
mov
pushf
mov
nop
xor
mul
mul
imul
mov
nop
nop
xor
mul
mov
mul
xor
nop
mul
xor
mov
mov
nop
imul
mul
imul
nop
mov
mul
mov
mov
popf
mov
xchg
xchg
mov
xchg
mov
mov
mov
mov
mov
mov
inc
cmp
jl
mov
mov
mov
mov
xchg
xchg
mov
pushf
mov
nop
xor
mul
mul
imul
mov
nop
nop
xor
mul
mov
mul
xor
nop
mul
xor
mov
mov
nop
imul
mul
imul
nop
mov
mul
mov
mov
popf
mov
xchg
xchg
mov
xchg
mov
mov
mov
pop
pop
pop
pop
add
push
push
push
mov
push
push
mov
mov
mov
mov
xchg
xchg
mov
pushf
mov
nop
xor
mul
mul
imul
mov
nop
nop
xor
mul
mov
mul
xor
nop
mul
xor
mov
mov
nop
imul
mul
imul
nop
mov
mul
mov
mov
popf
mov
xchg
xchg
mov
xchg
mov
mov
test
cmp
mov
mov
xchg
xchg
mov
pushf
mov
nop
xor
mul
mul
imul
mov
nop
nop
xor
mul
mov
mul
xor
nop
mul
xor
mov
mov
nop
imul
mul
imul
nop
mov
mul
mov
mov
popf
mov
xchg
xchg
mov
xchg
mov
mov
push
call
cdq
sub
sar
cmp
jl
mov
mov
xchg
xchg
mov
pushf
mov
nop
xor
mul
mul
imul
mov
nop
nop
xor
mul
mov
mul
xor
nop
mul
xor
mov
mov
nop
imul
mul
imul
nop
mov
mul
mov
mov
popf
mov
xchg
xchg
mov
xchg
mov
mov
movzx
jmp
cmp
inc
cmp
push
call
mov
movzx
push
call
pop
pop
mov
inc
mov
mov
xchg
xchg
mov
pushf
mov
nop
xor
mul
mul
imul
mov
nop
nop
xor
mul
mov
mul
xor
nop
mul
xor
mov
mov
nop
imul
mul
imul
nop
mov
mul
mov
mov
popf
mov
xchg
xchg
mov
xchg
mov
mov
mov
mov
xchg
xchg
mov
pushf
mov
nop
xor
mul
mul
imul
mov
nop
nop
xor
mul
mov
mul
xor
nop
mul
xor
mov
mov
nop
imul
mul
imul
nop
mov
mul
mov
mov
popf
mov
xchg
xchg
mov
xchg
mov
mov
mov
shl
sub
add
mov
mov
mov
xchg
xchg
mov
pushf
mov
nop
xor
mul
mul
imul
mov
nop
nop
xor
mul
mov
mul
xor
nop
mul
xor
mov
mov
nop
imul
mul
imul
nop
mov
mul
mov
mov
popf
mov
xchg
xchg
mov
xchg
mov
mov
mov
mov
shl
shr
add
mov
inc
mov
mov
mov
mov
xchg
xchg
mov
pushf
mov
nop
xor
mul
mul
imul
mov
nop
nop
xor
mul
mov
mul
xor
nop
mul
xor
mov
mov
nop
imul
mul
imul
nop
mov
mul
mov
mov
popf
mov
xchg
xchg
mov
xchg
mov
mov
cmp
jle
mov
mov
xchg
xchg
mov
pushf
mov
nop
xor
mul
mul
imul
mov
nop
nop
xor
mul
mov
mul
xor
nop
mul
xor
mov
mov
nop
imul
mul
imul
nop
mov
mul
mov
mov
popf
mov
xchg
xchg
mov
xchg
mov
mov
mov
mov
mov
xchg
xchg
mov
pushf
mov
nop
xor
mul
mul
imul
mov
nop
nop
xor
mul
mov
mul
xor
nop
mul
xor
mov
mov
nop
imul
mul
imul
nop
mov
mul
mov
mov
popf
mov
xchg
xchg
mov
xchg
mov
mov
mov
mov
xchg
xchg
mov
pushf
mov
nop
xor
mul
mul
imul
mov
nop
nop
xor
mul
mov
mul
xor
nop
mul
xor
mov
mov
nop
imul
mul
imul
nop
mov
mul
mov
mov
popf
mov
xchg
xchg
mov
xchg
mov
mov
cmp
mov
mov
xchg
xchg
mov
pushf
mov
nop
xor
mul
mul
imul
mov
nop
nop
xor
mul
mov
mul
xor
nop
mul
xor
mov
mov
nop
imul
mul
imul
nop
mov
mul
mov
mov
popf
mov
xchg
xchg
mov
xchg
mov
mov
mov
mov
mov
xchg
xchg
mov
pushf
mov
nop
xor
mul
mul
imul
mov
nop
nop
xor
mul
mov
mul
xor
nop
mul
xor
mov
mov
nop
imul
mul
imul
nop
mov
mul
mov
mov
popf
mov
xchg
xchg
mov
xchg
mov
mov
mov
mov
mov
xchg
xchg
mov
pushf
mov
nop
xor
mul
mul
imul
mov
nop
nop
xor
mul
mov
mul
xor
nop
mul
xor
mov
mov
nop
imul
mul
imul
nop
mov
mul
mov
mov
popf
mov
xchg
xchg
mov
xchg
mov
mov
mov
mov
xchg
xchg
mov
pushf
mov
nop
xor
mul
mul
imul
mov
nop
nop
xor
mul
mov
mul
xor
nop
mul
xor
mov
mov
nop
imul
mul
imul
nop
mov
mul
mov
mov
popf
mov
xchg
xchg
mov
xchg
mov
mov
mov
test
mov
mov
xchg
xchg
mov
pushf
mov
nop
xor
mul
mul
imul
mov
nop
nop
xor
mul
mov
mul
xor
nop
mul
xor
mov
mov
nop
imul
mul
imul
nop
mov
mul
mov
mov
popf
mov
xchg
xchg
mov
xchg
mov
mov
mov
mov
mov
mov
xchg
xchg
mov
pushf
mov
nop
xor
mul
mul
imul
mov
nop
nop
xor
mul
mov
mul
xor
nop
mul
xor
mov
mov
nop
imul
mul
imul
nop
mov
mul
mov
mov
popf
mov
xchg
xchg
mov
xchg
mov
mov
xor
jmp
push
pop
pop
pop
pop
pop
pop
sub
and
and
push
push
push
push
mov
mov
xchg
xchg
mov
pushf
mov
nop
xor
mul
mul
imul
mov
nop
nop
xor
mul
mov
mul
xor
nop
mul
xor
mov
mov
nop
imul
mul
imul
nop
mov
mul
mov
mov
popf
mov
xchg
xchg
mov
xchg
mov
mov
cmp
cmp
mov
mov
xchg
xchg
mov
pushf
mov
nop
xor
mul
mul
imul
mov
nop
nop
xor
mul
mov
mul
xor
nop
mul
xor
mov
mov
nop
imul
mul
imul
nop
mov
mul
mov
mov
popf
mov
xchg
xchg
mov
xchg
mov
mov
push
mov
call
add
cmp
jl
mov
mov
xchg
xchg
mov
pushf
mov
nop
xor
mul
mul
imul
mov
nop
nop
xor
mul
mov
mul
xor
nop
mul
xor
mov
mov
nop
imul
mul
imul
nop
mov
mul
mov
mov
popf
mov
xchg
xchg
mov
xchg
mov
mov
push
call
mov
mov
mov
mov
xchg
xchg
mov
pushf
mov
nop
xor
mul
mul
imul
mov
nop
nop
xor
mul
mov
mul
xor
nop
mul
xor
mov
mov
nop
imul
mul
imul
nop
mov
mul
mov
mov
popf
mov
xchg
xchg
mov
xchg
mov
mov
lea
push
call
pop
mov
mov
mov
xchg
xchg
mov
pushf
mov
nop
xor
mul
mul
imul
mov
nop
nop
xor
mul
mov
mul
xor
nop
mul
xor
mov
mov
nop
imul
mul
imul
nop
mov
mul
mov
mov
popf
mov
xchg
xchg
mov
xchg
mov
mov
push
push
call
mov
mov
xchg
xchg
mov
pushf
mov
nop
xor
mul
mul
imul
mov
nop
nop
xor
mul
mov
mul
xor
nop
mul
xor
mov
mov
nop
imul
mul
imul
nop
mov
mul
mov
mov
popf
mov
xchg
xchg
mov
xchg
mov
mov
imul
push
call
pop
mov
mov
mov
xchg
xchg
mov
pushf
mov
nop
xor
mul
mul
imul
mov
nop
nop
xor
mul
mov
mul
xor
nop
mul
xor
mov
mov
nop
imul
mul
imul
nop
mov
mul
mov
mov
popf
mov
xchg
xchg
mov
xchg
mov
mov
push
call
pop
mov
mov
mov
xchg
xchg
mov
pushf
mov
nop
xor
mul
mul
imul
mov
nop
nop
xor
mul
mov
mul
xor
nop
mul
xor
mov
mov
nop
imul
mul
imul
nop
mov
mul
mov
mov
popf
mov
xchg
xchg
mov
xchg
mov
mov
push
call
mov
pop
mov
mov
mov
xchg
xchg
mov
pushf
mov
nop
xor
mul
mul
imul
mov
nop
nop
xor
mul
mov
mul
xor
nop
mul
xor
mov
mov
nop
imul
mul
imul
nop
mov
mul
mov
mov
popf
mov
xchg
xchg
mov
xchg
mov
mov
and
cmp
jle
mov
sub
mov
mov
sub
mov
mov
mov
xchg
xchg
mov
pushf
mov
nop
xor
mul
mul
imul
mov
nop
nop
xor
mul
mov
mul
xor
nop
mul
xor
mov
mov
nop
imul
mul
imul
nop
mov
mul
mov
mov
popf
mov
xchg
xchg
mov
xchg
mov
mov
mov
lea
xor
stosw
stosb
mov
mov
xchg
xchg
mov
pushf
mov
nop
xor
mul
mul
imul
mov
nop
nop
xor
mul
mov
mul
xor
nop
mul
xor
mov
mov
nop
imul
mul
imul
nop
mov
mul
mov
mov
popf
mov
xchg
xchg
mov
xchg
mov
mov
mov
lea
xor
stosw
stosb
mov
mov
xchg
xchg
mov
pushf
mov
nop
xor
mul
mul
imul
mov
nop
nop
xor
mul
mov
mul
xor
nop
mul
xor
mov
mov
nop
imul
mul
imul
nop
mov
mul
mov
mov
popf
mov
xchg
xchg
mov
xchg
mov
mov
xor
mov
stosw
stosb
mov
mov
xchg
xchg
mov
pushf
mov
nop
xor
mul
mul
imul
mov
nop
nop
xor
mul
mov
mul
xor
nop
mul
xor
mov
mov
nop
imul
mul
imul
nop
mov
mul
mov
mov
popf
mov
xchg
xchg
mov
xchg
mov
mov
mov
mov
movzx
push
mov
add
push
push
call
add
mov
mov
xchg
xchg
mov
pushf
mov
nop
xor
mul
mul
imul
mov
nop
nop
xor
mul
mov
mul
xor
nop
mul
xor
mov
mov
nop
imul
mul
imul
nop
mov
mul
mov
mov
popf
mov
xchg
xchg
mov
xchg
mov
mov
mov
mov
mov
mov
mov
xchg
xchg
mov
pushf
mov
nop
xor
mul
mul
imul
mov
nop
nop
xor
mul
mov
mul
xor
nop
mul
xor
mov
mov
nop
imul
mul
imul
nop
mov
mul
mov
mov
popf
mov
xchg
xchg
mov
xchg
mov
mov
mov
add
mov
mov
mov
mov
xchg
xchg
mov
pushf
mov
nop
xor
mul
mul
imul
mov
nop
nop
xor
mul
mov
mul
xor
nop
mul
xor
mov
mov
nop
imul
mul
imul
nop
mov
mul
mov
mov
popf
mov
xchg
xchg
mov
xchg
mov
mov
mov
mov
mov
mov
xchg
xchg
mov
pushf
mov
nop
xor
mul
mul
imul
mov
nop
nop
xor
mul
mov
mul
xor
nop
mul
xor
mov
mov
nop
imul
mul
imul
nop
mov
mul
mov
mov
popf
mov
xchg
xchg
mov
xchg
mov
mov
mov
cmp
jle
xor
push
lea
pop
div
inc
imul
sub
mov
mov
mov
xchg
xchg
mov
pushf
mov
nop
xor
mul
mul
imul
mov
nop
nop
xor
mul
mov
mul
xor
nop
mul
xor
mov
mov
nop
imul
mul
imul
nop
mov
mul
mov
mov
popf
mov
xchg
xchg
mov
xchg
mov
mov
mov
cmp
jge
inc
mov
jmp
push
pop
cmp
jge
sub
mov
mov
mov
xchg
xchg
mov
pushf
mov
nop
xor
mul
mul
imul
mov
nop
nop
xor
mul
mov
mul
xor
nop
mul
xor
mov
mov
nop
imul
mul
imul
nop
mov
mul
mov
mov
popf
mov
xchg
xchg
mov
xchg
mov
mov
push
call
push
push
call
add
pop
pop
mov
mov
mov
xchg
xchg
mov
pushf
mov
nop
xor
mul
mul
imul
mov
nop
nop
xor
mul
mov
mul
xor
nop
mul
xor
mov
mov
nop
imul
mul
imul
nop
mov
mul
mov
mov
popf
mov
xchg
xchg
mov
xchg
mov
mov
push
mov
add
push
push
call
add
mov
mov
xchg
xchg
mov
pushf
mov
nop
xor
mul
mul
imul
mov
nop
nop
xor
mul
mov
mul
xor
nop
mul
xor
mov
mov
nop
imul
mul
imul
nop
mov
mul
mov
mov
popf
mov
xchg
xchg
mov
xchg
mov
mov
mov
mov
mov
mov
xchg
xchg
mov
pushf
mov
nop
xor
mul
mul
imul
mov
nop
nop
xor
mul
mov
mul
xor
nop
mul
xor
mov
mov
nop
imul
mul
imul
nop
mov
mul
mov
mov
popf
mov
xchg
xchg
mov
xchg
mov
mov
inc
mov
add
cmp
jl
mov
mov
xchg
xchg
mov
pushf
mov
nop
xor
mul
mul
imul
mov
nop
nop
xor
mul
mov
mul
xor
nop
mul
xor
mov
mov
nop
imul
mul
imul
nop
mov
mul
mov
mov
popf
mov
xchg
xchg
mov
xchg
mov
mov
inc
mov
mov
xchg
xchg
mov
pushf
mov
nop
xor
mul
mul
imul
mov
nop
nop
xor
mul
mov
mul
xor
nop
mul
xor
mov
mov
nop
imul
mul
imul
nop
mov
mul
mov
mov
popf
mov
xchg
xchg
mov
xchg
mov
mov
mov
mov
mov
mov
xchg
xchg
mov
pushf
mov
nop
xor
mul
mul
imul
mov
nop
nop
xor
mul
mov
mul
xor
nop
mul
xor
mov
mov
nop
imul
mul
imul
nop
mov
mul
mov
mov
popf
mov
xchg
xchg
mov
xchg
mov
mov
cmp
jle
mov
mov
mov
mov
mov
xchg
xchg
mov
pushf
mov
nop
xor
mul
mul
imul
mov
nop
nop
xor
mul
mov
mul
xor
nop
mul
xor
mov
mov
nop
imul
mul
imul
nop
mov
mul
mov
mov
popf
mov
xchg
xchg
mov
xchg
mov
mov
push
call
cmp
jge
push
push
call
mov
mov
xchg
xchg
mov
pushf
mov
nop
xor
mul
mul
imul
mov
nop
nop
xor
mul
mov
mul
xor
nop
mul
xor
mov
mov
nop
imul
mul
imul
nop
mov
mul
mov
mov
popf
mov
xchg
xchg
mov
xchg
mov
mov
push
push
call
add
mov
mov
xchg
xchg
mov
pushf
mov
nop
xor
mul
mul
imul
mov
nop
nop
xor
mul
mov
mul
xor
nop
mul
xor
mov
mov
nop
imul
mul
imul
nop
mov
mul
mov
mov
popf
mov
xchg
xchg
mov
xchg
mov
mov
push
call
pop
mov
mov
xchg
xchg
mov
pushf
mov
nop
xor
mul
mul
imul
mov
nop
nop
xor
mul
mov
mul
xor
nop
mul
xor
mov
mov
nop
imul
mul
imul
nop
mov
mul
mov
mov
popf
mov
xchg
xchg
mov
xchg
mov
mov
push
call
pop
mov
mov
xchg
xchg
mov
pushf
mov
nop
xor
mul
mul
imul
mov
nop
nop
xor
mul
mov
mul
xor
nop
mul
xor
mov
mov
nop
imul
mul
imul
nop
mov
mul
mov
mov
popf
mov
xchg
xchg
mov
xchg
mov
mov
push
call
pop
mov
mov
xchg
xchg
mov
pushf
mov
nop
xor
mul
mul
imul
mov
nop
nop
xor
mul
mov
mul
xor
nop
mul
xor
mov
mov
nop
imul
mul
imul
nop
mov
mul
mov
mov
popf
mov
xchg
xchg
mov
xchg
mov
mov
mov
mov
xchg
xchg
mov
pushf
mov
nop
xor
mul
mul
imul
mov
nop
nop
xor
mul
mov
mul
xor
nop
mul
xor
mov
mov
nop
imul
mul
imul
nop
mov
mul
mov
mov
popf
mov
xchg
xchg
mov
xchg
mov
mov
push
call
pop
mov
mov
xchg
xchg
mov
pushf
mov
nop
xor
mul
mul
imul
mov
nop
nop
xor
mul
mov
mul
xor
nop
mul
xor
mov
mov
nop
imul
mul
imul
nop
mov
mul
mov
mov
popf
mov
xchg
xchg
mov
xchg
mov
mov
xor
jmp
push
pop
pop
pop
pop
pop
add
push
lea
sub
mov
xor
mov
mov
and
mov
mov
mov
mov
push
mov
mov
push
push
mov
mov
mov
mov
mov
mov
xchg
xchg
mov
pushf
mov
nop
xor
mul
mul
imul
mov
nop
nop
xor
mul
mov
mul
xor
nop
mul
xor
mov
mov
nop
imul
mul
imul
nop
mov
mul
mov
mov
popf
mov
xchg
xchg
mov
xchg
mov
mov
and
mov
mov
xchg
xchg
mov
pushf
mov
nop
xor
mul
mul
imul
mov
nop
nop
xor
mul
mov
mul
xor
nop
mul
xor
mov
mov
nop
imul
mul
imul
nop
mov
mul
mov
mov
popf
mov
xchg
xchg
mov
xchg
mov
mov
mov
mov
mov
mov
xchg
xchg
mov
pushf
mov
nop
xor
mul
mul
imul
mov
nop
nop
xor
mul
mov
mul
xor
nop
mul
xor
mov
mov
nop
imul
mul
imul
nop
mov
mul
mov
mov
popf
mov
xchg
xchg
mov
xchg
mov
mov
mov
mov
mov
mov
xchg
xchg
mov
pushf
mov
nop
xor
mul
mul
imul
mov
nop
nop
xor
mul
mov
mul
xor
nop
mul
xor
mov
mov
nop
imul
mul
imul
nop
mov
mul
mov
mov
popf
mov
xchg
xchg
mov
xchg
mov
mov
push
call
pop
push
call
push
mov
call
pop
push
push
call
mov
lea
push
xor
push
lea
push
push
push
push
call
mov
mov
mov
xchg
xchg
mov
pushf
mov
nop
xor
mul
mul
imul
mov
nop
nop
xor
mul
mov
mul
xor
nop
mul
xor
mov
mov
nop
imul
mul
imul
nop
mov
mul
mov
mov
popf
mov
xchg
xchg
mov
xchg
mov
mov
cmp
mov
mov
xchg
xchg
mov
pushf
mov
nop
xor
mul
mul
imul
mov
nop
nop
xor
mul
mov
mul
xor
nop
mul
xor
mov
mov
nop
imul
mul
imul
nop
mov
mul
mov
mov
popf
mov
xchg
xchg
mov
xchg
mov
mov
push
push
call
mov
mov
xchg
xchg
mov
pushf
mov
nop
xor
mul
mul
imul
mov
nop
nop
xor
mul
mov
mul
xor
nop
mul
xor
mov
mov
nop
imul
mul
imul
nop
mov
mul
mov
mov
popf
mov
xchg
xchg
mov
xchg
mov
mov
lea
push
push
call
test
cmp
mov
mov
xchg
xchg
mov
pushf
mov
nop
xor
mul
mul
imul
mov
nop
nop
xor
mul
mov
mul
xor
nop
mul
xor
mov
mov
nop
imul
mul
imul
nop
mov
mul
mov
mov
popf
mov
xchg
xchg
mov
xchg
mov
mov
push
push
call
mov
mov
xchg
xchg
mov
pushf
mov
nop
xor
mul
mul
imul
mov
nop
nop
xor
mul
mov
mul
xor
nop
mul
xor
mov
mov
nop
imul
mul
imul
nop
mov
mul
mov
mov
popf
mov
xchg
xchg
mov
xchg
mov
mov
jmp
mov
cmp
cmp
mov
mov
xchg
xchg
mov
pushf
mov
nop
xor
mul
mul
imul
mov
nop
nop
xor
mul
mov
mul
xor
nop
mul
xor
mov
mov
nop
imul
mul
imul
nop
mov
mul
mov
mov
popf
mov
xchg
xchg
mov
xchg
mov
mov
push
call
inc
push
call
pop
mov
mov
mov
mov
xchg
xchg
mov
pushf
mov
nop
xor
mul
mul
imul
mov
nop
nop
xor
mul
mov
mul
xor
nop
mul
xor
mov
mov
nop
imul
mul
imul
nop
mov
mul
mov
mov
popf
mov
xchg
xchg
mov
xchg
mov
mov
push
mov
push
call
mov
mov
xchg
xchg
mov
pushf
mov
nop
xor
mul
mul
imul
mov
nop
nop
xor
mul
mov
mul
xor
nop
mul
xor
mov
mov
nop
imul
mul
imul
nop
mov
mul
mov
mov
popf
mov
xchg
xchg
mov
xchg
mov
mov
mov
mov
mov
mov
xchg
xchg
mov
pushf
mov
nop
xor
mul
mul
imul
mov
nop
nop
xor
mul
mov
mul
xor
nop
mul
xor
mov
mov
nop
imul
mul
imul
nop
mov
mul
mov
mov
popf
mov
xchg
xchg
mov
xchg
mov
mov
push
call
mov
mov
mov
cmp
mov
mov
xchg
xchg
mov
pushf
mov
nop
xor
mul
mul
imul
mov
nop
nop
xor
mul
mov
mul
xor
nop
mul
xor
mov
mov
nop
imul
mul
imul
nop
mov
mul
mov
mov
popf
mov
xchg
xchg
mov
xchg
mov
mov
push
mov
push
lea
push
push
call
add
mov
mov
xchg
xchg
mov
pushf
mov
nop
xor
mul
mul
imul
mov
nop
nop
xor
mul
mov
mul
xor
nop
mul
xor
mov
mov
nop
imul
mul
imul
nop
mov
mul
mov
mov
popf
mov
xchg
xchg
mov
xchg
mov
mov
xor
push
push
lea
push
push
call
mov
mov
xchg
xchg
mov
pushf
mov
nop
xor
mul
mul
imul
mov
nop
nop
xor
mul
mov
mul
xor
nop
mul
xor
mov
mov
nop
imul
mul
imul
nop
mov
mul
mov
mov
popf
mov
xchg
xchg
mov
xchg
mov
mov
mov
mov
pop
pop
xor
pop
call
add
leave
push
call
pop
mov
mov
mov
mov
xor
mov
push
push
call
pop
push
call
push
mov
call
pop
push
push
call
push
call
pop
sub
mov
xor
mov
mov
push
push
mov
mov
xor
push
push
mov
mov
mov
mov
mov
mov
mov
xchg
xchg
mov
pushf
mov
nop
xor
mul
mul
imul
mov
nop
nop
xor
mul
mov
mul
xor
nop
mul
xor
mov
mov
nop
imul
mul
imul
nop
mov
mul
mov
mov
popf
mov
xchg
xchg
mov
xchg
mov
mov
test
mov
jmp
mov
mov
xchg
xchg
mov
pushf
mov
nop
xor
mul
mul
imul
mov
nop
nop
xor
mul
mov
mul
xor
nop
mul
xor
mov
mov
nop
imul
mul
imul
nop
mov
mul
mov
mov
popf
mov
xchg
xchg
mov
xchg
mov
mov
mov
test
push
call
mov
mov
mov
xchg
xchg
mov
pushf
mov
nop
xor
mul
mul
imul
mov
nop
nop
xor
mul
mov
mul
xor
nop
mul
xor
mov
mov
nop
imul
mul
imul
nop
mov
mul
mov
mov
popf
mov
xchg
xchg
mov
xchg
mov
mov
cmp
jge
mov
mov
xchg
xchg
mov
pushf
mov
nop
xor
mul
mul
imul
mov
nop
nop
xor
mul
mov
mul
xor
nop
mul
xor
mov
mov
nop
imul
mul
imul
nop
mov
mul
mov
mov
popf
mov
xchg
xchg
mov
xchg
mov
mov
lea
push
call
pop
mov
mov
xchg
xchg
mov
pushf
mov
nop
xor
mul
mul
imul
mov
nop
nop
xor
mul
mov
mul
xor
nop
mul
xor
mov
mov
nop
imul
mul
imul
nop
mov
mul
mov
mov
popf
mov
xchg
xchg
mov
xchg
mov
mov
lea
push
call
pop
mov
mov
xchg
xchg
mov
pushf
mov
nop
xor
mul
mul
imul
mov
nop
nop
xor
mul
mov
mul
xor
nop
mul
xor
mov
mov
nop
imul
mul
imul
nop
mov
mul
mov
mov
popf
mov
xchg
xchg
mov
xchg
mov
mov
lea
push
call
pop
mov
mov
xchg
xchg
mov
pushf
mov
nop
xor
mul
mul
imul
mov
nop
nop
xor
mul
mov
mul
xor
nop
mul
xor
mov
mov
nop
imul
mul
imul
nop
mov
mul
mov
mov
popf
mov
xchg
xchg
mov
xchg
mov
mov
lea
push
call
mov
mov
xchg
xchg
mov
pushf
mov
nop
xor
mul
mul
imul
mov
nop
nop
xor
mul
mov
mul
xor
nop
mul
xor
mov
mov
nop
imul
mul
imul
nop
mov
mul
mov
mov
popf
mov
xchg
xchg
mov
xchg
mov
mov
mov
mov
xor
push
push
lea
push
push
lea
push
push
call
test
jl
lea
push
push
call
push
push
call
add
mov
mov
xchg
xchg
mov
pushf
mov
nop
xor
mul
mul
imul
mov
nop
nop
xor
mul
mov
mul
xor
nop
mul
xor
mov
mov
nop
imul
mul
imul
nop
mov
mul
mov
mov
popf
mov
xchg
xchg
mov
xchg
mov
mov
lea
push
call
pop
mov
mov
xchg
xchg
mov
pushf
mov
nop
xor
mul
mul
imul
mov
nop
nop
xor
mul
mov
mul
xor
nop
mul
xor
mov
mov
nop
imul
mul
imul
nop
mov
mul
mov
mov
popf
mov
xchg
xchg
mov
xchg
mov
mov
cmp
mov
mov
xchg
xchg
mov
pushf
mov
nop
xor
mul
mul
imul
mov
nop
nop
xor
mul
mov
mul
xor
nop
mul
xor
mov
mov
nop
imul
mul
imul
nop
mov
mul
mov
mov
popf
mov
xchg
xchg
mov
xchg
mov
mov
lea
push
call
mov
mov
xchg
xchg
mov
pushf
mov
nop
xor
mul
mul
imul
mov
nop
nop
xor
mul
mov
mul
xor
nop
mul
xor
mov
mov
nop
imul
mul
imul
nop
mov
mul
mov
mov
popf
mov
xchg
xchg
mov
xchg
mov
mov
mov
mov
xor
push
push
lea
push
push
lea
push
push
call
test
jl
lea
push
push
call
push
push
call
add
mov
mov
xchg
xchg
mov
pushf
mov
nop
xor
mul
mul
imul
mov
nop
nop
xor
mul
mov
mul
xor
nop
mul
xor
mov
mov
nop
imul
mul
imul
nop
mov
mul
mov
mov
popf
mov
xchg
xchg
mov
xchg
mov
mov
lea
push
call
pop
mov
mov
xchg
xchg
mov
pushf
mov
nop
xor
mul
mul
imul
mov
nop
nop
xor
mul
mov
mul
xor
nop
mul
xor
mov
mov
nop
imul
mul
imul
nop
mov
mul
mov
mov
popf
mov
xchg
xchg
mov
xchg
mov
mov
lea
push
call
mov
mov
xchg
xchg
mov
pushf
mov
nop
xor
mul
mul
imul
mov
nop
nop
xor
mul
mov
mul
xor
nop
mul
xor
mov
mov
nop
imul
mul
imul
nop
mov
mul
mov
mov
popf
mov
xchg
xchg
mov
xchg
mov
mov
mov
mov
xor
push
push
lea
push
push
lea
push
push
call
test
jl
cmp
setz
add
mov
mov
mov
xchg
xchg
mov
pushf
mov
nop
xor
mul
mul
imul
mov
nop
nop
xor
mul
mov
mul
xor
nop
mul
xor
mov
mov
nop
imul
mul
imul
nop
mov
mul
mov
mov
popf
mov
xchg
xchg
mov
xchg
mov
mov
lea
push
call
pop
mov
mov
xchg
xchg
mov
pushf
mov
nop
xor
mul
mul
imul
mov
nop
nop
xor
mul
mov
mul
xor
nop
mul
xor
mov
mov
nop
imul
mul
imul
nop
mov
mul
mov
mov
popf
mov
xchg
xchg
mov
xchg
mov
mov
mov
mov
xchg
xchg
mov
pushf
mov
nop
xor
mul
mul
imul
mov
nop
nop
xor
mul
mov
mul
xor
nop
mul
xor
mov
mov
nop
imul
mul
imul
nop
mov
mul
mov
mov
popf
mov
xchg
xchg
mov
xchg
mov
mov
mov
test
push
push
call
pop
pop
test
push
mov
call
push
mov
call
lea
mov
mov
mov
xchg
xchg
mov
pushf
mov
nop
xor
mul
mul
imul
mov
nop
nop
xor
mul
mov
mul
xor
nop
mul
xor
mov
mov
nop
imul
mul
imul
nop
mov
mul
mov
mov
popf
mov
xchg
xchg
mov
xchg
mov
mov
push
push
call
pop
pop
mov
mov
mov
xchg
xchg
mov
pushf
mov
nop
xor
mul
mul
imul
mov
nop
nop
xor
mul
mov
mul
xor
nop
mul
xor
mov
mov
nop
imul
mul
imul
nop
mov
mul
mov
mov
popf
mov
xchg
xchg
mov
xchg
mov
mov
mov
mov
xchg
xchg
mov
pushf
mov
nop
xor
mul
mul
imul
mov
nop
nop
xor
mul
mov
mul
xor
nop
mul
xor
mov
mov
nop
imul
mul
imul
nop
mov
mul
mov
mov
popf
mov
xchg
xchg
mov
xchg
mov
mov
push
push
call
mov
mov
xchg
xchg
mov
pushf
mov
nop
xor
mul
mul
imul
mov
nop
nop
xor
mul
mov
mul
xor
nop
mul
xor
mov
mov
nop
imul
mul
imul
nop
mov
mul
mov
mov
popf
mov
xchg
xchg
mov
xchg
mov
mov
push
push
call
push
call
add
push
call
pop
mov
mov
mov
xchg
xchg
mov
pushf
mov
nop
xor
mul
mul
imul
mov
nop
nop
xor
mul
mov
mul
xor
nop
mul
xor
mov
mov
nop
imul
mul
imul
nop
mov
mul
mov
mov
popf
mov
xchg
xchg
mov
xchg
mov
mov
push
movsx
push
push
push
call
add
mov
mov
xchg
xchg
mov
pushf
mov
nop
xor
mul
mul
imul
mov
nop
nop
xor
mul
mov
mul
xor
nop
mul
xor
mov
mov
nop
imul
mul
imul
nop
mov
mul
mov
mov
popf
mov
xchg
xchg
mov
xchg
mov
mov
cmp
mov
mov
xchg
xchg
mov
pushf
mov
nop
xor
mul
mul
imul
mov
nop
nop
xor
mul
mov
mul
xor
nop
mul
xor
mov
mov
nop
imul
mul
imul
nop
mov
mul
mov
mov
popf
mov
xchg
xchg
mov
xchg
mov
mov
mov
inc
mov
mov
mov
xchg
xchg
mov
pushf
mov
nop
xor
mul
mul
imul
mov
nop
nop
xor
mul
mov
mul
xor
nop
mul
xor
mov
mov
nop
imul
mul
imul
nop
mov
mul
mov
mov
popf
mov
xchg
xchg
mov
xchg
mov
mov
mov
mov
xchg
xchg
mov
pushf
mov
nop
xor
mul
mul
imul
mov
nop
nop
xor
mul
mov
mul
xor
nop
mul
xor
mov
mov
nop
imul
mul
imul
nop
mov
mul
mov
mov
popf
mov
xchg
xchg
mov
xchg
mov
mov
push
call
mov
lea
mov
mov
mov
xchg
xchg
mov
pushf
mov
nop
xor
mul
mul
imul
mov
nop
nop
xor
mul
mov
mul
xor
nop
mul
xor
mov
mov
nop
imul
mul
imul
nop
mov
mul
mov
mov
popf
mov
xchg
xchg
mov
xchg
mov
mov
push
push
call
pop
pop
mov
mov
mov
xchg
xchg
mov
pushf
mov
nop
xor
mul
mul
imul
mov
nop
nop
xor
mul
mov
mul
xor
nop
mul
xor
mov
mov
nop
imul
mul
imul
nop
mov
mul
mov
mov
popf
mov
xchg
xchg
mov
xchg
mov
mov
mov
mov
mov
test
push
push
call
mov
mov
xchg
xchg
mov
pushf
mov
nop
xor
mul
mul
imul
mov
nop
nop
xor
mul
mov
mul
xor
nop
mul
xor
mov
mov
nop
imul
mul
imul
nop
mov
mul
mov
mov
popf
mov
xchg
xchg
mov
xchg
mov
mov
push
push
call
cmp
push
call
pop
mov
mov
xchg
xchg
mov
pushf
mov
nop
xor
mul
mul
imul
mov
nop
nop
xor
mul
mov
mul
xor
nop
mul
xor
mov
mov
nop
imul
mul
imul
nop
mov
mul
mov
mov
popf
mov
xchg
xchg
mov
xchg
mov
mov
cmp
push
call
pop
mov
mov
xchg
xchg
mov
pushf
mov
nop
xor
mul
mul
imul
mov
nop
nop
xor
mul
mov
mul
xor
nop
mul
xor
mov
mov
nop
imul
mul
imul
nop
mov
mul
mov
mov
popf
mov
xchg
xchg
mov
xchg
mov
mov
cmp
push
call
pop
mov
mov
xchg
xchg
mov
pushf
mov
nop
xor
mul
mul
imul
mov
nop
nop
xor
mul
mov
mul
xor
nop
mul
xor
mov
mov
nop
imul
mul
imul
nop
mov
mul
mov
mov
popf
mov
xchg
xchg
mov
xchg
mov
mov
xor
mov
pop
pop
pop
pop
xor
call
add
sub
mov
xor
mov
mov
push
push
mov
mov
xor
push
push
mov
mov
mov
mov
mov
mov
mov
xchg
xchg
mov
pushf
mov
nop
xor
mul
mul
imul
mov
nop
nop
xor
mul
mov
mul
xor
nop
mul
xor
mov
mov
nop
imul
mul
imul
nop
mov
mul
mov
mov
popf
mov
xchg
xchg
mov
xchg
mov
mov
test
mov
jmp
mov
mov
xchg
xchg
mov
pushf
mov
nop
xor
mul
mul
imul
mov
nop
nop
xor
mul
mov
mul
xor
nop
mul
xor
mov
mov
nop
imul
mul
imul
nop
mov
mul
mov
mov
popf
mov
xchg
xchg
mov
xchg
mov
mov
mov
test
push
call
mov
mov
mov
xchg
xchg
mov
pushf
mov
nop
xor
mul
mul
imul
mov
nop
nop
xor
mul
mov
mul
xor
nop
mul
xor
mov
mov
nop
imul
mul
imul
nop
mov
mul
mov
mov
popf
mov
xchg
xchg
mov
xchg
mov
mov
cmp
jge
lea
push
call
pop
mov
mov
xchg
xchg
mov
pushf
mov
nop
xor
mul
mul
imul
mov
nop
nop
xor
mul
mov
mul
xor
nop
mul
xor
mov
mov
nop
imul
mul
imul
nop
mov
mul
mov
mov
popf
mov
xchg
xchg
mov
xchg
mov
mov
lea
push
call
pop
mov
mov
xchg
xchg
mov
pushf
mov
nop
xor
mul
mul
imul
mov
nop
nop
xor
mul
mov
mul
xor
nop
mul
xor
mov
mov
nop
imul
mul
imul
nop
mov
mul
mov
mov
popf
mov
xchg
xchg
mov
xchg
mov
mov
lea
call
lea
push
call
mov
mov
xchg
xchg
mov
pushf
mov
nop
xor
mul
mul
imul
mov
nop
nop
xor
mul
mov
mul
xor
nop
mul
xor
mov
mov
nop
imul
mul
imul
nop
mov
mul
mov
mov
popf
mov
xchg
xchg
mov
xchg
mov
mov
mov
mov
xor
push
push
lea
push
push
lea
push
push
call
test
jl
lea
push
push
call
push
push
call
add
mov
mov
xchg
xchg
mov
pushf
mov
nop
xor
mul
mul
imul
mov
nop
nop
xor
mul
mov
mul
xor
nop
mul
xor
mov
mov
nop
imul
mul
imul
nop
mov
mul
mov
mov
popf
mov
xchg
xchg
mov
xchg
mov
mov
lea
push
call
pop
mov
mov
xchg
xchg
mov
pushf
mov
nop
xor
mul
mul
imul
mov
nop
nop
xor
mul
mov
mul
xor
nop
mul
xor
mov
mov
nop
imul
mul
imul
nop
mov
mul
mov
mov
popf
mov
xchg
xchg
mov
xchg
mov
mov
mov
mov
xchg
xchg
mov
pushf
mov
nop
xor
mul
mul
imul
mov
nop
nop
xor
mul
mov
mul
xor
nop
mul
xor
mov
mov
nop
imul
mul
imul
nop
mov
mul
mov
mov
popf
mov
xchg
xchg
mov
xchg
mov
mov
cmp
mov
mov
xchg
xchg
mov
pushf
mov
nop
xor
mul
mul
imul
mov
nop
nop
xor
mul
mov
mul
xor
nop
mul
xor
mov
mov
nop
imul
mul
imul
nop
mov
mul
mov
mov
popf
mov
xchg
xchg
mov
xchg
mov
mov
lea
push
call
mov
mov
xchg
xchg
mov
pushf
mov
nop
xor
mul
mul
imul
mov
nop
nop
xor
mul
mov
mul
xor
nop
mul
xor
mov
mov
nop
imul
mul
imul
nop
mov
mul
mov
mov
popf
mov
xchg
xchg
mov
xchg
mov
mov
mov
mov
xor
push
push
lea
push
push
lea
push
push
call
test
jl
lea
push
push
call
push
push
call
add
mov
mov
xchg
xchg
mov
pushf
mov
nop
xor
mul
mul
imul
mov
nop
nop
xor
mul
mov
mul
xor
nop
mul
xor
mov
mov
nop
imul
mul
imul
nop
mov
mul
mov
mov
popf
mov
xchg
xchg
mov
xchg
mov
mov
lea
push
call
pop
mov
mov
xchg
xchg
mov
pushf
mov
nop
xor
mul
mul
imul
mov
nop
nop
xor
mul
mov
mul
xor
nop
mul
xor
mov
mov
nop
imul
mul
imul
nop
mov
mul
mov
mov
popf
mov
xchg
xchg
mov
xchg
mov
mov
mov
mov
xchg
xchg
mov
pushf
mov
nop
xor
mul
mul
imul
mov
nop
nop
xor
mul
mov
mul
xor
nop
mul
xor
mov
mov
nop
imul
mul
imul
nop
mov
mul
mov
mov
popf
mov
xchg
xchg
mov
xchg
mov
mov
lea
push
call
mov
mov
xchg
xchg
mov
pushf
mov
nop
xor
mul
mul
imul
mov
nop
nop
xor
mul
mov
mul
xor
nop
mul
xor
mov
mov
nop
imul
mul
imul
nop
mov
mul
mov
mov
popf
mov
xchg
xchg
mov
xchg
mov
mov
mov
mov
xor
push
push
lea
push
push
lea
push
push
call
test
jl
cmp
setz
add
mov
mov
mov
xchg
xchg
mov
pushf
mov
nop
xor
mul
mul
imul
mov
nop
nop
xor
mul
mov
mul
xor
nop
mul
xor
mov
mov
nop
imul
mul
imul
nop
mov
mul
mov
mov
popf
mov
xchg
xchg
mov
xchg
mov
mov
lea
push
call
pop
mov
test
push
push
call
pop
pop
test
push
mov
call
push
mov
call
lea
mov
mov
mov
xchg
xchg
mov
pushf
mov
nop
xor
mul
mul
imul
mov
nop
nop
xor
mul
mov
mul
xor
nop
mul
xor
mov
mov
nop
imul
mul
imul
nop
mov
mul
mov
mov
popf
mov
xchg
xchg
mov
xchg
mov
mov
push
push
call
pop
pop
mov
mov
mov
xchg
xchg
mov
pushf
mov
nop
xor
mul
mul
imul
mov
nop
nop
xor
mul
mov
mul
xor
nop
mul
xor
mov
mov
nop
imul
mul
imul
nop
mov
mul
mov
mov
popf
mov
xchg
xchg
mov
xchg
mov
mov
push
push
call
mov
mov
xchg
xchg
mov
pushf
mov
nop
xor
mul
mul
imul
mov
nop
nop
xor
mul
mov
mul
xor
nop
mul
xor
mov
mov
nop
imul
mul
imul
nop
mov
mul
mov
mov
popf
mov
xchg
xchg
mov
xchg
mov
mov
push
push
call
mov
mov
xchg
xchg
mov
pushf
mov
nop
xor
mul
mul
imul
mov
nop
nop
xor
mul
mov
mul
xor
nop
mul
xor
mov
mov
nop
imul
mul
imul
nop
mov
mul
mov
mov
popf
mov
xchg
xchg
mov
xchg
mov
mov
mov
mov
xchg
xchg
mov
pushf
mov
nop
xor
mul
mul
imul
mov
nop
nop
xor
mul
mov
mul
xor
nop
mul
xor
mov
mov
nop
imul
mul
imul
nop
mov
mul
mov
mov
popf
mov
xchg
xchg
mov
xchg
mov
mov
push
call
add
push
call
pop
mov
mov
mov
xchg
xchg
mov
pushf
mov
nop
xor
mul
mul
imul
mov
nop
nop
xor
mul
mov
mul
xor
nop
mul
xor
mov
mov
nop
imul
mul
imul
nop
mov
mul
mov
mov
popf
mov
xchg
xchg
mov
xchg
mov
mov
push
movsx
push
push
push
call
add
mov
mov
xchg
xchg
mov
pushf
mov
nop
xor
mul
mul
imul
mov
nop
nop
xor
mul
mov
mul
xor
nop
mul
xor
mov
mov
nop
imul
mul
imul
nop
mov
mul
mov
mov
popf
mov
xchg
xchg
mov
xchg
mov
mov
cmp
mov
mov
xchg
xchg
mov
pushf
mov
nop
xor
mul
mul
imul
mov
nop
nop
xor
mul
mov
mul
xor
nop
mul
xor
mov
mov
nop
imul
mul
imul
nop
mov
mul
mov
mov
popf
mov
xchg
xchg
mov
xchg
mov
mov
mov
inc
mov
mov
mov
xchg
xchg
mov
pushf
mov
nop
xor
mul
mul
imul
mov
nop
nop
xor
mul
mov
mul
xor
nop
mul
xor
mov
mov
nop
imul
mul
imul
nop
mov
mul
mov
mov
popf
mov
xchg
xchg
mov
xchg
mov
mov
mov
mov
xchg
xchg
mov
pushf
mov
nop
xor
mul
mul
imul
mov
nop
nop
xor
mul
mov
mul
xor
nop
mul
xor
mov
mov
nop
imul
mul
imul
nop
mov
mul
mov
mov
popf
mov
xchg
xchg
mov
xchg
mov
mov
push
call
mov
lea
mov
mov
mov
xchg
xchg
mov
pushf
mov
nop
xor
mul
mul
imul
mov
nop
nop
xor
mul
mov
mul
xor
nop
mul
xor
mov
mov
nop
imul
mul
imul
nop
mov
mul
mov
mov
popf
mov
xchg
xchg
mov
xchg
mov
mov
push
push
call
pop
pop
mov
mov
mov
xchg
xchg
mov
pushf
mov
nop
xor
mul
mul
imul
mov
nop
nop
xor
mul
mov
mul
xor
nop
mul
xor
mov
mov
nop
imul
mul
imul
nop
mov
mul
mov
mov
popf
mov
xchg
xchg
mov
xchg
mov
mov
mov
mov
mov
test
push
push
call
mov
mov
xchg
xchg
mov
pushf
mov
nop
xor
mul
mul
imul
mov
nop
nop
xor
mul
mov
mul
xor
nop
mul
xor
mov
mov
nop
imul
mul
imul
nop
mov
mul
mov
mov
popf
mov
xchg
xchg
mov
xchg
mov
mov
push
push
call
cmp
push
call
pop
mov
mov
xchg
xchg
mov
pushf
mov
nop
xor
mul
mul
imul
mov
nop
nop
xor
mul
mov
mul
xor
nop
mul
xor
mov
mov
nop
imul
mul
imul
nop
mov
mul
mov
mov
popf
mov
xchg
xchg
mov
xchg
mov
mov
cmp
push
call
pop
mov
mov
xchg
xchg
mov
pushf
mov
nop
xor
mul
mul
imul
mov
nop
nop
xor
mul
mov
mul
xor
nop
mul
xor
mov
mov
nop
imul
mul
imul
nop
mov
mul
mov
mov
popf
mov
xchg
xchg
mov
xchg
mov
mov
cmp
push
call
pop
mov
mov
xchg
xchg
mov
pushf
mov
nop
xor
mul
mul
imul
mov
nop
nop
xor
mul
mov
mul
xor
nop
mul
xor
mov
mov
nop
imul
mul
imul
nop
mov
mul
mov
mov
popf
mov
xchg
xchg
mov
xchg
mov
mov
xor
mov
pop
pop
pop
pop
xor
call
add
push
lea
sub
mov
xor
mov
mov
mov
mov
push
mov
xor
push
push
mov
mov
mov
mov
mov
mov
mov
mov
mov
xchg
xchg
mov
pushf
mov
nop
xor
mul
mul
imul
mov
nop
nop
xor
mul
mov
mul
xor
nop
mul
xor
mov
mov
nop
imul
mul
imul
nop
mov
mul
mov
mov
popf
mov
xchg
xchg
mov
xchg
mov
mov
cmp
mov
jmp
mov
mov
xchg
xchg
mov
pushf
mov
nop
xor
mul
mul
imul
mov
nop
nop
xor
mul
mov
mul
xor
nop
mul
xor
mov
mov
nop
imul
mul
imul
nop
mov
mul
mov
mov
popf
mov
xchg
xchg
mov
xchg
mov
mov
mov
mov
test
push
call
cmp
mov
jge
lea
push
call
pop
mov
mov
xchg
xchg
mov
pushf
mov
nop
xor
mul
mul
imul
mov
nop
nop
xor
mul
mov
mul
xor
nop
mul
xor
mov
mov
nop
imul
mul
imul
nop
mov
mul
mov
mov
popf
mov
xchg
xchg
mov
xchg
mov
mov
lea
push
call
pop
mov
mov
xchg
xchg
mov
pushf
mov
nop
xor
mul
mul
imul
mov
nop
nop
xor
mul
mov
mul
xor
nop
mul
xor
mov
mov
nop
imul
mul
imul
nop
mov
mul
mov
mov
popf
mov
xchg
xchg
mov
xchg
mov
mov
lea
push
call
pop
mov
mov
xchg
xchg
mov
pushf
mov
nop
xor
mul
mul
imul
mov
nop
nop
xor
mul
mov
mul
xor
nop
mul
xor
mov
mov
nop
imul
mul
imul
nop
mov
mul
mov
mov
popf
mov
xchg
xchg
mov
xchg
mov
mov
lea
push
call
mov
mov
xchg
xchg
mov
pushf
mov
nop
xor
mul
mul
imul
mov
nop
nop
xor
mul
mov
mul
xor
nop
mul
xor
mov
mov
nop
imul
mul
imul
nop
mov
mul
mov
mov
popf
mov
xchg
xchg
mov
xchg
mov
mov
mov
mov
xor
push
push
lea
push
push
lea
push
push
call
test
jl
lea
push
push
call
push
push
call
add
mov
mov
xchg
xchg
mov
pushf
mov
nop
xor
mul
mul
imul
mov
nop
nop
xor
mul
mov
mul
xor
nop
mul
xor
mov
mov
nop
imul
mul
imul
nop
mov
mul
mov
mov
popf
mov
xchg
xchg
mov
xchg
mov
mov
lea
push
call
mov
pop
test
mov
mov
mov
mov
mov
mov
mov
lea
mov
inc
test
sub
inc
push
call
mov
pop
mov
test
mov
mov
sub
mov
mov
inc
test
push
call
lea
push
push
call
add
test
push
call
pop
lea
mov
inc
mov
inc
test
push
call
pop
lea
mov
inc
mov
inc
test
lea
mov
mov
inc
test
lea
sub
dec
mov
inc
test
mov
shr
mov
rep
mov
and
lea
rep
mov
mov
inc
test
lea
sub
mov
dec
mov
inc
test
mov
shr
rep
mov
and
push
rep
call
pop
push
call
mov
mov
mov
xchg
xchg
mov
pushf
mov
nop
xor
mul
mul
imul
mov
nop
nop
xor
mul
mov
mul
xor
nop
mul
xor
mov
mov
nop
imul
mul
imul
nop
mov
mul
mov
mov
popf
mov
xchg
xchg
mov
xchg
mov
mov
push
call
pop
push
push
call
mov
lea
push
mov
push
push
lea
push
mov
push
call
test
lea
push
push
push
lea
push
push
call
mov
mov
xchg
xchg
mov
pushf
mov
nop
xor
mul
mul
imul
mov
nop
nop
xor
mul
mov
mul
xor
nop
mul
xor
mov
mov
nop
imul
mul
imul
nop
mov
mul
mov
mov
popf
mov
xchg
xchg
mov
xchg
mov
mov
cmp
push
call
pop
lea
push
xor
push
push
push
push
push
mov
call
test
mov
inc
push
call
pop
mov
cmp
mov
inc
push
push
push
call
add
mov
mov
xchg
xchg
mov
pushf
mov
nop
xor
mul
mul
imul
mov
nop
nop
xor
mul
mov
mul
xor
nop
mul
xor
mov
mov
nop
imul
mul
imul
nop
mov
mul
mov
mov
popf
mov
xchg
xchg
mov
xchg
mov
mov
lea
push
push
push
push
push
push
call
mov
mov
xchg
xchg
mov
pushf
mov
nop
xor
mul
mul
imul
mov
nop
nop
xor
mul
mov
mul
xor
nop
mul
xor
mov
mov
nop
imul
mul
imul
nop
mov
mul
mov
mov
popf
mov
xchg
xchg
mov
xchg
mov
mov
xor
lea
push
push
push
push
mov
mov
call
push
push
call
test
push
call
mov
inc
push
call
mov
xor
pop
pop
mov
cmp
mov
inc
push
push
push
call
add
lea
push
push
push
push
mov
call
push
push
call
mov
mov
xchg
xchg
mov
pushf
mov
nop
xor
mul
mul
imul
mov
nop
nop
xor
mul
mov
mul
xor
nop
mul
xor
mov
mov
nop
imul
mul
imul
nop
mov
mul
mov
mov
popf
mov
xchg
xchg
mov
xchg
mov
mov
push
call
push
call
mov
pop
test
lea
mov
inc
test
sub
lea
push
call
mov
mov
xchg
xchg
mov
pushf
mov
nop
xor
mul
mul
imul
mov
nop
nop
xor
mul
mov
mul
xor
nop
mul
xor
mov
mov
nop
imul
mul
imul
nop
mov
mul
mov
mov
popf
mov
xchg
xchg
mov
xchg
mov
mov
mov
mov
xor
push
push
lea
push
push
lea
push
push
call
test
jl
lea
push
push
call
push
push
call
add
mov
mov
xchg
xchg
mov
pushf
mov
nop
xor
mul
mul
imul
mov
nop
nop
xor
mul
mov
mul
xor
nop
mul
xor
mov
mov
nop
imul
mul
imul
nop
mov
mul
mov
mov
popf
mov
xchg
xchg
mov
xchg
mov
mov
lea
push
call
pop
mov
mov
xchg
xchg
mov
pushf
mov
nop
xor
mul
mul
imul
mov
nop
nop
xor
mul
mov
mul
xor
nop
mul
xor
mov
mov
nop
imul
mul
imul
nop
mov
mul
mov
mov
popf
mov
xchg
xchg
mov
xchg
mov
mov
lea
push
call
mov
mov
xchg
xchg
mov
pushf
mov
nop
xor
mul
mul
imul
mov
nop
nop
xor
mul
mov
mul
xor
nop
mul
xor
mov
mov
nop
imul
mul
imul
nop
mov
mul
mov
mov
popf
mov
xchg
xchg
mov
xchg
mov
mov
mov
mov
xor
push
push
lea
push
push
add
call
push
push
call
test
jl
cmp
setz
add
mov
mov
mov
xchg
xchg
mov
pushf
mov
nop
xor
mul
mul
imul
mov
nop
nop
xor
mul
mov
mul
xor
nop
mul
xor
mov
mov
nop
imul
mul
imul
nop
mov
mul
mov
mov
popf
mov
xchg
xchg
mov
xchg
mov
mov
lea
push
call
pop
mov
mov
xchg
xchg
mov
pushf
mov
nop
xor
mul
mul
imul
mov
nop
nop
xor
mul
mov
mul
xor
nop
mul
xor
mov
mov
nop
imul
mul
imul
nop
mov
mul
mov
mov
popf
mov
xchg
xchg
mov
xchg
mov
mov
cmp
push
push
call
pop
pop
test
push
mov
call
push
mov
call
lea
mov
mov
mov
xchg
xchg
mov
pushf
mov
nop
xor
mul
mul
imul
mov
nop
nop
xor
mul
mov
mul
xor
nop
mul
xor
mov
mov
nop
imul
mul
imul
nop
mov
mul
mov
mov
popf
mov
xchg
xchg
mov
xchg
mov
mov
push
push
call
pop
pop
mov
mov
mov
xchg
xchg
mov
pushf
mov
nop
xor
mul
mul
imul
mov
nop
nop
xor
mul
mov
mul
xor
nop
mul
xor
mov
mov
nop
imul
mul
imul
nop
mov
mul
mov
mov
popf
mov
xchg
xchg
mov
xchg
mov
mov
push
push
call
mov
mov
xchg
xchg
mov
pushf
mov
nop
xor
mul
mul
imul
mov
nop
nop
xor
mul
mov
mul
xor
nop
mul
xor
mov
mov
nop
imul
mul
imul
nop
mov
mul
mov
mov
popf
mov
xchg
xchg
mov
xchg
mov
mov
push
push
call
mov
mov
xchg
xchg
mov
pushf
mov
nop
xor
mul
mul
imul
mov
nop
nop
xor
mul
mov
mul
xor
nop
mul
xor
mov
mov
nop
imul
mul
imul
nop
mov
mul
mov
mov
popf
mov
xchg
xchg
mov
xchg
mov
mov
push
call
add
push
call
pop
mov
mov
mov
xchg
xchg
mov
pushf
mov
nop
xor
mul
mul
imul
mov
nop
nop
xor
mul
mov
mul
xor
nop
mul
xor
mov
mov
nop
imul
mul
imul
nop
mov
mul
mov
mov
popf
mov
xchg
xchg
mov
xchg
mov
mov
push
movsx
push
push
push
call
add
mov
mov
xchg
xchg
mov
pushf
mov
nop
xor
mul
mul
imul
mov
nop
nop
xor
mul
mov
mul
xor
nop
mul
xor
mov
mov
nop
imul
mul
imul
nop
mov
mul
mov
mov
popf
mov
xchg
xchg
mov
xchg
mov
mov
mov
cmp
mov
inc
jmp
mov
push
call
lea
mov
mov
mov
xchg
xchg
mov
pushf
mov
nop
xor
mul
mul
imul
mov
nop
nop
xor
mul
mov
mul
xor
nop
mul
xor
mov
mov
nop
imul
mul
imul
nop
mov
mul
mov
mov
popf
mov
xchg
xchg
mov
xchg
mov
mov
push
mov
push
call
pop
pop
mov
mov
mov
xchg
xchg
mov
pushf
mov
nop
xor
mul
mul
imul
mov
nop
nop
xor
mul
mov
mul
xor
nop
mul
xor
mov
mov
nop
imul
mul
imul
nop
mov
mul
mov
mov
popf
mov
xchg
xchg
mov
xchg
mov
mov
mov
mov
mov
mov
mov
mov
xchg
xchg
mov
pushf
mov
nop
xor
mul
mul
imul
mov
nop
nop
xor
mul
mov
mul
xor
nop
mul
xor
mov
mov
nop
imul
mul
imul
nop
mov
mul
mov
mov
popf
mov
xchg
xchg
mov
xchg
mov
mov
cmp
mov
push
push
call
push
mov
push
call
mov
mov
xchg
xchg
mov
pushf
mov
nop
xor
mul
mul
imul
mov
nop
nop
xor
mul
mov
mul
xor
nop
mul
xor
mov
mov
nop
imul
mul
imul
nop
mov
mul
mov
mov
popf
mov
xchg
xchg
mov
xchg
mov
mov
cmp
push
call
pop
mov
mov
xchg
xchg
mov
pushf
mov
nop
xor
mul
mul
imul
mov
nop
nop
xor
mul
mov
mul
xor
nop
mul
xor
mov
mov
nop
imul
mul
imul
nop
mov
mul
mov
mov
popf
mov
xchg
xchg
mov
xchg
mov
mov
cmp
push
call
pop
mov
mov
xchg
xchg
mov
pushf
mov
nop
xor
mul
mul
imul
mov
nop
nop
xor
mul
mov
mul
xor
nop
mul
xor
mov
mov
nop
imul
mul
imul
nop
mov
mul
mov
mov
popf
mov
xchg
xchg
mov
xchg
mov
mov
cmp
push
call
pop
mov
mov
xchg
xchg
mov
pushf
mov
nop
xor
mul
mul
imul
mov
nop
nop
xor
mul
mov
mul
xor
nop
mul
xor
mov
mov
nop
imul
mul
imul
nop
mov
mul
mov
mov
popf
mov
xchg
xchg
mov
xchg
mov
mov
xor
mov
pop
pop
xor
pop
call
add
leave
push
mov
sub
mov
xor
mov
mov
push
mov
mov
push
push
mov
mov
mov
mov
xchg
xchg
mov
pushf
mov
nop
xor
mul
mul
imul
mov
nop
nop
xor
mul
mov
mul
xor
nop
mul
xor
mov
mov
nop
imul
mul
imul
nop
mov
mul
mov
mov
popf
mov
xchg
xchg
mov
xchg
mov
mov
mov
mov
mov
xchg
xchg
mov
pushf
mov
nop
xor
mul
mul
imul
mov
nop
nop
xor
mul
mov
mul
xor
nop
mul
xor
mov
mov
nop
imul
mul
imul
nop
mov
mul
mov
mov
popf
mov
xchg
xchg
mov
xchg
mov
mov
mov
mov
mov
xchg
xchg
mov
pushf
mov
nop
xor
mul
mul
imul
mov
nop
nop
xor
mul
mov
mul
xor
nop
mul
xor
mov
mov
nop
imul
mul
imul
nop
mov
mul
mov
mov
popf
mov
xchg
xchg
mov
xchg
mov
mov
mov
mov
mov
xchg
xchg
mov
pushf
mov
nop
xor
mul
mul
imul
mov
nop
nop
xor
mul
mov
mul
xor
nop
mul
xor
mov
mov
nop
imul
mul
imul
nop
mov
mul
mov
mov
popf
mov
xchg
xchg
mov
xchg
mov
mov
mov
mov
mov
xchg
xchg
mov
pushf
mov
nop
xor
mul
mul
imul
mov
nop
nop
xor
mul
mov
mul
xor
nop
mul
xor
mov
mov
nop
imul
mul
imul
nop
mov
mul
mov
mov
popf
mov
xchg
xchg
mov
xchg
mov
mov
mov
mov
mov
xchg
xchg
mov
pushf
mov
nop
xor
mul
mul
imul
mov
nop
nop
xor
mul
mov
mul
xor
nop
mul
xor
mov
mov
nop
imul
mul
imul
nop
mov
mul
mov
mov
popf
mov
xchg
xchg
mov
xchg
mov
mov
mov
mov
mov
xchg
xchg
mov
pushf
mov
nop
xor
mul
mul
imul
mov
nop
nop
xor
mul
mov
mul
xor
nop
mul
xor
mov
mov
nop
imul
mul
imul
nop
mov
mul
mov
mov
popf
mov
xchg
xchg
mov
xchg
mov
mov
mov
mov
mov
xchg
xchg
mov
pushf
mov
nop
xor
mul
mul
imul
mov
nop
nop
xor
mul
mov
mul
xor
nop
mul
xor
mov
mov
nop
imul
mul
imul
nop
mov
mul
mov
mov
popf
mov
xchg
xchg
mov
xchg
mov
mov
mov
mov
mov
xchg
xchg
mov
pushf
mov
nop
xor
mul
mul
imul
mov
nop
nop
xor
mul
mov
mul
xor
nop
mul
xor
mov
mov
nop
imul
mul
imul
nop
mov
mul
mov
mov
popf
mov
xchg
xchg
mov
xchg
mov
mov
mov
mov
mov
xchg
xchg
mov
pushf
mov
nop
xor
mul
mul
imul
mov
nop
nop
xor
mul
mov
mul
xor
nop
mul
xor
mov
mov
nop
imul
mul
imul
nop
mov
mul
mov
mov
popf
mov
xchg
xchg
mov
xchg
mov
mov
mov
mov
mov
xchg
xchg
mov
pushf
mov
nop
xor
mul
mul
imul
mov
nop
nop
xor
mul
mov
mul
xor
nop
mul
xor
mov
mov
nop
imul
mul
imul
nop
mov
mul
mov
mov
popf
mov
xchg
xchg
mov
xchg
mov
mov
mov
mov
mov
xchg
xchg
mov
pushf
mov
nop
xor
mul
mul
imul
mov
nop
nop
xor
mul
mov
mul
xor
nop
mul
xor
mov
mov
nop
imul
mul
imul
nop
mov
mul
mov
mov
popf
mov
xchg
xchg
mov
xchg
mov
mov
mov
mov
mov
xchg
xchg
mov
pushf
mov
nop
xor
mul
mul
imul
mov
nop
nop
xor
mul
mov
mul
xor
nop
mul
xor
mov
mov
nop
imul
mul
imul
nop
mov
mul
mov
mov
popf
mov
xchg
xchg
mov
xchg
mov
mov
mov
mov
mov
xchg
xchg
mov
pushf
mov
nop
xor
mul
mul
imul
mov
nop
nop
xor
mul
mov
mul
xor
nop
mul
xor
mov
mov
nop
imul
mul
imul
nop
mov
mul
mov
mov
popf
mov
xchg
xchg
mov
xchg
mov
mov
mov
mov
mov
xchg
xchg
mov
pushf
mov
nop
xor
mul
mul
imul
mov
nop
nop
xor
mul
mov
mul
xor
nop
mul
xor
mov
mov
nop
imul
mul
imul
nop
mov
mul
mov
mov
popf
mov
xchg
xchg
mov
xchg
mov
mov
push
pop
mov
mov
mov
xchg
xchg
mov
pushf
mov
nop
xor
mul
mul
imul
mov
nop
nop
xor
mul
mov
mul
xor
nop
mul
xor
mov
mov
nop
imul
mul
imul
nop
mov
mul
mov
mov
popf
mov
xchg
xchg
mov
xchg
mov
mov
push
pop
mov
mov
mov
xchg
xchg
mov
pushf
mov
nop
xor
mul
mul
imul
mov
nop
nop
xor
mul
mov
mul
xor
nop
mul
xor
mov
mov
nop
imul
mul
imul
nop
mov
mul
mov
mov
popf
mov
xchg
xchg
mov
xchg
mov
mov
push
pop
mov
mov
mov
xchg
xchg
mov
pushf
mov
nop
xor
mul
mul
imul
mov
nop
nop
xor
mul
mov
mul
xor
nop
mul
xor
mov
mov
nop
imul
mul
imul
nop
mov
mul
mov
mov
popf
mov
xchg
xchg
mov
xchg
mov
mov
push
pop
mov
mov
mov
xchg
xchg
mov
pushf
mov
nop
xor
mul
mul
imul
mov
nop
nop
xor
mul
mov
mul
xor
nop
mul
xor
mov
mov
nop
imul
mul
imul
nop
mov
mul
mov
mov
popf
mov
xchg
xchg
mov
xchg
mov
mov
push
pop
mov
mov
mov
xchg
xchg
mov
pushf
mov
nop
xor
mul
mul
imul
mov
nop
nop
xor
mul
mov
mul
xor
nop
mul
xor
mov
mov
nop
imul
mul
imul
nop
mov
mul
mov
mov
popf
mov
xchg
xchg
mov
xchg
mov
mov
push
pop
mov
mov
mov
xchg
xchg
mov
pushf
mov
nop
xor
mul
mul
imul
mov
nop
nop
xor
mul
mov
mul
xor
nop
mul
xor
mov
mov
nop
imul
mul
imul
nop
mov
mul
mov
mov
popf
mov
xchg
xchg
mov
xchg
mov
mov
push
pop
mov
mov
mov
xchg
xchg
mov
pushf
mov
nop
xor
mul
mul
imul
mov
nop
nop
xor
mul
mov
mul
xor
nop
mul
xor
mov
mov
nop
imul
mul
imul
nop
mov
mul
mov
mov
popf
mov
xchg
xchg
mov
xchg
mov
mov
push
pop
mov
mov
mov
xchg
xchg
mov
pushf
mov
nop
xor
mul
mul
imul
mov
nop
nop
xor
mul
mov
mul
xor
nop
mul
xor
mov
mov
nop
imul
mul
imul
nop
mov
mul
mov
mov
popf
mov
xchg
xchg
mov
xchg
mov
mov
push
pop
mov
mov
mov
xchg
xchg
mov
pushf
mov
nop
xor
mul
mul
imul
mov
nop
nop
xor
mul
mov
mul
xor
nop
mul
xor
mov
mov
nop
imul
mul
imul
nop
mov
mul
mov
mov
popf
mov
xchg
xchg
mov
xchg
mov
mov
push
pop
mov
mov
mov
xchg
xchg
mov
pushf
mov
nop
xor
mul
mul
imul
mov
nop
nop
xor
mul
mov
mul
xor
nop
mul
xor
mov
mov
nop
imul
mul
imul
nop
mov
mul
mov
mov
popf
mov
xchg
xchg
mov
xchg
mov
mov
push
pop
mov
mov
mov
xchg
xchg
mov
pushf
mov
nop
xor
mul
mul
imul
mov
nop
nop
xor
mul
mov
mul
xor
nop
mul
xor
mov
mov
nop
imul
mul
imul
nop
mov
mul
mov
mov
popf
mov
xchg
xchg
mov
xchg
mov
mov
push
pop
mov
mov
mov
xchg
xchg
mov
pushf
mov
nop
xor
mul
mul
imul
mov
nop
nop
xor
mul
mov
mul
xor
nop
mul
xor
mov
mov
nop
imul
mul
imul
nop
mov
mul
mov
mov
popf
mov
xchg
xchg
mov
xchg
mov
mov
push
pop
mov
mov
mov
xchg
xchg
mov
pushf
mov
nop
xor
mul
mul
imul
mov
nop
nop
xor
mul
mov
mul
xor
nop
mul
xor
mov
mov
nop
imul
mul
imul
nop
mov
mul
mov
mov
popf
mov
xchg
xchg
mov
xchg
mov
mov
push
pop
mov
mov
mov
xchg
xchg
mov
pushf
mov
nop
xor
mul
mul
imul
mov
nop
nop
xor
mul
mov
mul
xor
nop
mul
xor
mov
mov
nop
imul
mul
imul
nop
mov
mul
mov
mov
popf
mov
xchg
xchg
mov
xchg
mov
mov
push
pop
mov
mov
mov
xchg
xchg
mov
pushf
mov
nop
xor
mul
mul
imul
mov
nop
nop
xor
mul
mov
mul
xor
nop
mul
xor
mov
mov
nop
imul
mul
imul
nop
mov
mul
mov
mov
popf
mov
xchg
xchg
mov
xchg
mov
mov
push
pop
mov
mov
mov
xchg
xchg
mov
pushf
mov
nop
xor
mul
mul
imul
mov
nop
nop
xor
mul
mov
mul
xor
nop
mul
xor
mov
mov
nop
imul
mul
imul
nop
mov
mul
mov
mov
popf
mov
xchg
xchg
mov
xchg
mov
mov
push
pop
mov
mov
mov
xchg
xchg
mov
pushf
mov
nop
xor
mul
mul
imul
mov
nop
nop
xor
mul
mov
mul
xor
nop
mul
xor
mov
mov
nop
imul
mul
imul
nop
mov
mul
mov
mov
popf
mov
xchg
xchg
mov
xchg
mov
mov
push
pop
mov
mov
mov
xchg
xchg
mov
pushf
mov
nop
xor
mul
mul
imul
mov
nop
nop
xor
mul
mov
mul
xor
nop
mul
xor
mov
mov
nop
imul
mul
imul
nop
mov
mul
mov
mov
popf
mov
xchg
xchg
mov
xchg
mov
mov
xor
mov
mov
mov
xchg
xchg
mov
pushf
mov
nop
xor
mul
mul
imul
mov
nop
nop
xor
mul
mov
mul
xor
nop
mul
xor
mov
mov
nop
imul
mul
imul
nop
mov
mul
mov
mov
popf
mov
xchg
xchg
mov
xchg
mov
mov
push
lea
push
push
push
lea
call
mov
add
pop
pop
xor
pop
call
leave
push
mov
sub
mov
xor
mov
mov
push
mov
mov
push
push
mov
mov
mov
mov
xchg
xchg
mov
pushf
mov
nop
xor
mul
mul
imul
mov
nop
nop
xor
mul
mov
mul
xor
nop
mul
xor
mov
mov
nop
imul
mul
imul
nop
mov
mul
mov
mov
popf
mov
xchg
xchg
mov
xchg
mov
mov
mov
mov
mov
xchg
xchg
mov
pushf
mov
nop
xor
mul
mul
imul
mov
nop
nop
xor
mul
mov
mul
xor
nop
mul
xor
mov
mov
nop
imul
mul
imul
nop
mov
mul
mov
mov
popf
mov
xchg
xchg
mov
xchg
mov
mov
mov
mov
mov
xchg
xchg
mov
pushf
mov
nop
xor
mul
mul
imul
mov
nop
nop
xor
mul
mov
mul
xor
nop
mul
xor
mov
mov
nop
imul
mul
imul
nop
mov
mul
mov
mov
popf
mov
xchg
xchg
mov
xchg
mov
mov
mov
mov
mov
xchg
xchg
mov
pushf
mov
nop
xor
mul
mul
imul
mov
nop
nop
xor
mul
mov
mul
xor
nop
mul
xor
mov
mov
nop
imul
mul
imul
nop
mov
mul
mov
mov
popf
mov
xchg
xchg
mov
xchg
mov
mov
mov
mov
mov
xchg
xchg
mov
pushf
mov
nop
xor
mul
mul
imul
mov
nop
nop
xor
mul
mov
mul
xor
nop
mul
xor
mov
mov
nop
imul
mul
imul
nop
mov
mul
mov
mov
popf
mov
xchg
xchg
mov
xchg
mov
mov
mov
mov
mov
xchg
xchg
mov
pushf
mov
nop
xor
mul
mul
imul
mov
nop
nop
xor
mul
mov
mul
xor
nop
mul
xor
mov
mov
nop
imul
mul
imul
nop
mov
mul
mov
mov
popf
mov
xchg
xchg
mov
xchg
mov
mov
mov
mov
mov
xchg
xchg
mov
pushf
mov
nop
xor
mul
mul
imul
mov
nop
nop
xor
mul
mov
mul
xor
nop
mul
xor
mov
mov
nop
imul
mul
imul
nop
mov
mul
mov
mov
popf
mov
xchg
xchg
mov
xchg
mov
mov
mov
mov
mov
xchg
xchg
mov
pushf
mov
nop
xor
mul
mul
imul
mov
nop
nop
xor
mul
mov
mul
xor
nop
mul
xor
mov
mov
nop
imul
mul
imul
nop
mov
mul
mov
mov
popf
mov
xchg
xchg
mov
xchg
mov
mov
mov
mov
mov
xchg
xchg
mov
pushf
mov
nop
xor
mul
mul
imul
mov
nop
nop
xor
mul
mov
mul
xor
nop
mul
xor
mov
mov
nop
imul
mul
imul
nop
mov
mul
mov
mov
popf
mov
xchg
xchg
mov
xchg
mov
mov
mov
mov
mov
xchg
xchg
mov
pushf
mov
nop
xor
mul
mul
imul
mov
nop
nop
xor
mul
mov
mul
xor
nop
mul
xor
mov
mov
nop
imul
mul
imul
nop
mov
mul
mov
mov
popf
mov
xchg
xchg
mov
xchg
mov
mov
mov
mov
mov
xchg
xchg
mov
pushf
mov
nop
xor
mul
mul
imul
mov
nop
nop
xor
mul
mov
mul
xor
nop
mul
xor
mov
mov
nop
imul
mul
imul
nop
mov
mul
mov
mov
popf
mov
xchg
xchg
mov
xchg
mov
mov
push
pop
mov
mov
mov
mov
xchg
xchg
mov
pushf
mov
nop
xor
mul
mul
imul
mov
nop
nop
xor
mul
mov
mul
xor
nop
mul
xor
mov
mov
nop
imul
mul
imul
nop
mov
mul
mov
mov
popf
mov
xchg
xchg
mov
xchg
mov
mov
push
pop
mov
mov
mov
xchg
xchg
mov
pushf
mov
nop
xor
mul
mul
imul
mov
nop
nop
xor
mul
mov
mul
xor
nop
mul
xor
mov
mov
nop
imul
mul
imul
nop
mov
mul
mov
mov
popf
mov
xchg
xchg
mov
xchg
mov
mov
push
pop
mov
mov
mov
xchg
xchg
mov
pushf
mov
nop
xor
mul
mul
imul
mov
nop
nop
xor
mul
mov
mul
xor
nop
mul
xor
mov
mov
nop
imul
mul
imul
nop
mov
mul
mov
mov
popf
mov
xchg
xchg
mov
xchg
mov
mov
push
pop
mov
mov
mov
xchg
xchg
mov
pushf
mov
nop
xor
mul
mul
imul
mov
nop
nop
xor
mul
mov
mul
xor
nop
mul
xor
mov
mov
nop
imul
mul
imul
nop
mov
mul
mov
mov
popf
mov
xchg
xchg
mov
xchg
mov
mov
push
pop
mov
mov
mov
xchg
xchg
mov
pushf
mov
nop
xor
mul
mul
imul
mov
nop
nop
xor
mul
mov
mul
xor
nop
mul
xor
mov
mov
nop
imul
mul
imul
nop
mov
mul
mov
mov
popf
mov
xchg
xchg
mov
xchg
mov
mov
push
pop
mov
mov
mov
xchg
xchg
mov
pushf
mov
nop
xor
mul
mul
imul
mov
nop
nop
xor
mul
mov
mul
xor
nop
mul
xor
mov
mov
nop
imul
mul
imul
nop
mov
mul
mov
mov
popf
mov
xchg
xchg
mov
xchg
mov
mov
push
pop
mov
mov
mov
xchg
xchg
mov
pushf
mov
nop
xor
mul
mul
imul
mov
nop
nop
xor
mul
mov
mul
xor
nop
mul
xor
mov
mov
nop
imul
mul
imul
nop
mov
mul
mov
mov
popf
mov
xchg
xchg
mov
xchg
mov
mov
push
pop
mov
mov
mov
xchg
xchg
mov
pushf
mov
nop
xor
mul
mul
imul
mov
nop
nop
xor
mul
mov
mul
xor
nop
mul
xor
mov
mov
nop
imul
mul
imul
nop
mov
mul
mov
mov
popf
mov
xchg
xchg
mov
xchg
mov
mov
push
pop
mov
mov
mov
xchg
xchg
mov
pushf
mov
nop
xor
mul
mul
imul
mov
nop
nop
xor
mul
mov
mul
xor
nop
mul
xor
mov
mov
nop
imul
mul
imul
nop
mov
mul
mov
mov
popf
mov
xchg
xchg
mov
xchg
mov
mov
push
pop
mov
mov
mov
xchg
xchg
mov
pushf
mov
nop
xor
mul
mul
imul
mov
nop
nop
xor
mul
mov
mul
xor
nop
mul
xor
mov
mov
nop
imul
mul
imul
nop
mov
mul
mov
mov
popf
mov
xchg
xchg
mov
xchg
mov
mov
push
pop
mov
mov
mov
xchg
xchg
mov
pushf
mov
nop
xor
mul
mul
imul
mov
nop
nop
xor
mul
mov
mul
xor
nop
mul
xor
mov
mov
nop
imul
mul
imul
nop
mov
mul
mov
mov
popf
mov
xchg
xchg
mov
xchg
mov
mov
push
pop
mov
mov
mov
xchg
xchg
mov
pushf
mov
nop
xor
mul
mul
imul
mov
nop
nop
xor
mul
mov
mul
xor
nop
mul
xor
mov
mov
nop
imul
mul
imul
nop
mov
mul
mov
mov
popf
mov
xchg
xchg
mov
xchg
mov
mov
push
pop
mov
mov
mov
xchg
xchg
mov
pushf
mov
nop
xor
mul
mul
imul
mov
nop
nop
xor
mul
mov
mul
xor
nop
mul
xor
mov
mov
nop
imul
mul
imul
nop
mov
mul
mov
mov
popf
mov
xchg
xchg
mov
xchg
mov
mov
push
pop
mov
mov
mov
xchg
xchg
mov
pushf
mov
nop
xor
mul
mul
imul
mov
nop
nop
xor
mul
mov
mul
xor
nop
mul
xor
mov
mov
nop
imul
mul
imul
nop
mov
mul
mov
mov
popf
mov
xchg
xchg
mov
xchg
mov
mov
push
pop
mov
mov
mov
xchg
xchg
mov
pushf
mov
nop
xor
mul
mul
imul
mov
nop
nop
xor
mul
mov
mul
xor
nop
mul
xor
mov
mov
nop
imul
mul
imul
nop
mov
mul
mov
mov
popf
mov
xchg
xchg
mov
xchg
mov
mov
xor
mov
mov
mov
xchg
xchg
mov
pushf
mov
nop
xor
mul
mul
imul
mov
nop
nop
xor
mul
mov
mul
xor
nop
mul
xor
mov
mov
nop
imul
mul
imul
nop
mov
mul
mov
mov
popf
mov
xchg
xchg
mov
xchg
mov
mov
push
lea
push
push
push
lea
call
mov
add
pop
pop
xor
pop
call
leave
push
mov
sub
mov
xor
mov
mov
push
mov
mov
push
push
mov
mov
mov
mov
xchg
xchg
mov
pushf
mov
nop
xor
mul
mul
imul
mov
nop
nop
xor
mul
mov
mul
xor
nop
mul
xor
mov
mov
nop
imul
mul
imul
nop
mov
mul
mov
mov
popf
mov
xchg
xchg
mov
xchg
mov
mov
mov
mov
mov
xchg
xchg
mov
pushf
mov
nop
xor
mul
mul
imul
mov
nop
nop
xor
mul
mov
mul
xor
nop
mul
xor
mov
mov
nop
imul
mul
imul
nop
mov
mul
mov
mov
popf
mov
xchg
xchg
mov
xchg
mov
mov
mov
mov
mov
xchg
xchg
mov
pushf
mov
nop
xor
mul
mul
imul
mov
nop
nop
xor
mul
mov
mul
xor
nop
mul
xor
mov
mov
nop
imul
mul
imul
nop
mov
mul
mov
mov
popf
mov
xchg
xchg
mov
xchg
mov
mov
mov
mov
mov
xchg
xchg
mov
pushf
mov
nop
xor
mul
mul
imul
mov
nop
nop
xor
mul
mov
mul
xor
nop
mul
xor
mov
mov
nop
imul
mul
imul
nop
mov
mul
mov
mov
popf
mov
xchg
xchg
mov
xchg
mov
mov
mov
mov
mov
xchg
xchg
mov
pushf
mov
nop
xor
mul
mul
imul
mov
nop
nop
xor
mul
mov
mul
xor
nop
mul
xor
mov
mov
nop
imul
mul
imul
nop
mov
mul
mov
mov
popf
mov
xchg
xchg
mov
xchg
mov
mov
mov
mov
mov
xchg
xchg
mov
pushf
mov
nop
xor
mul
mul
imul
mov
nop
nop
xor
mul
mov
mul
xor
nop
mul
xor
mov
mov
nop
imul
mul
imul
nop
mov
mul
mov
mov
popf
mov
xchg
xchg
mov
xchg
mov
mov
mov
mov
mov
xchg
xchg
mov
pushf
mov
nop
xor
mul
mul
imul
mov
nop
nop
xor
mul
mov
mul
xor
nop
mul
xor
mov
mov
nop
imul
mul
imul
nop
mov
mul
mov
mov
popf
mov
xchg
xchg
mov
xchg
mov
mov
mov
mov
mov
xchg
xchg
mov
pushf
mov
nop
xor
mul
mul
imul
mov
nop
nop
xor
mul
mov
mul
xor
nop
mul
xor
mov
mov
nop
imul
mul
imul
nop
mov
mul
mov
mov
popf
mov
xchg
xchg
mov
xchg
mov
mov
mov
mov
mov
xchg
xchg
mov
pushf
mov
nop
xor
mul
mul
imul
mov
nop
nop
xor
mul
mov
mul
xor
nop
mul
xor
mov
mov
nop
imul
mul
imul
nop
mov
mul
mov
mov
popf
mov
xchg
xchg
mov
xchg
mov
mov
mov
mov
mov
xchg
xchg
mov
pushf
mov
nop
xor
mul
mul
imul
mov
nop
nop
xor
mul
mov
mul
xor
nop
mul
xor
mov
mov
nop
imul
mul
imul
nop
mov
mul
mov
mov
popf
mov
xchg
xchg
mov
xchg
mov
mov
mov
mov
mov
xchg
xchg
mov
pushf
mov
nop
xor
mul
mul
imul
mov
nop
nop
xor
mul
mov
mul
xor
nop
mul
xor
mov
mov
nop
imul
mul
imul
nop
mov
mul
mov
mov
popf
mov
xchg
xchg
mov
xchg
mov
mov
mov
mov
mov
xchg
xchg
mov
pushf
mov
nop
xor
mul
mul
imul
mov
nop
nop
xor
mul
mov
mul
xor
nop
mul
xor
mov
mov
nop
imul
mul
imul
nop
mov
mul
mov
mov
popf
mov
xchg
xchg
mov
xchg
mov
mov
push
pop
mov
mov
mov
mov
xchg
xchg
mov
pushf
mov
nop
xor
mul
mul
imul
mov
nop
nop
xor
mul
mov
mul
xor
nop
mul
xor
mov
mov
nop
imul
mul
imul
nop
mov
mul
mov
mov
popf
mov
xchg
xchg
mov
xchg
mov
mov
push
pop
mov
mov
mov
xchg
xchg
mov
pushf
mov
nop
xor
mul
mul
imul
mov
nop
nop
xor
mul
mov
mul
xor
nop
mul
xor
mov
mov
nop
imul
mul
imul
nop
mov
mul
mov
mov
popf
mov
xchg
xchg
mov
xchg
mov
mov
push
pop
mov
mov
mov
xchg
xchg
mov
pushf
mov
nop
xor
mul
mul
imul
mov
nop
nop
xor
mul
mov
mul
xor
nop
mul
xor
mov
mov
nop
imul
mul
imul
nop
mov
mul
mov
mov
popf
mov
xchg
xchg
mov
xchg
mov
mov
push
pop
mov
mov
mov
xchg
xchg
mov
pushf
mov
nop
xor
mul
mul
imul
mov
nop
nop
xor
mul
mov
mul
xor
nop
mul
xor
mov
mov
nop
imul
mul
imul
nop
mov
mul
mov
mov
popf
mov
xchg
xchg
mov
xchg
mov
mov
push
pop
mov
mov
mov
xchg
xchg
mov
pushf
mov
nop
xor
mul
mul
imul
mov
nop
nop
xor
mul
mov
mul
xor
nop
mul
xor
mov
mov
nop
imul
mul
imul
nop
mov
mul
mov
mov
popf
mov
xchg
xchg
mov
xchg
mov
mov
push
pop
mov
mov
mov
xchg
xchg
mov
pushf
mov
nop
xor
mul
mul
imul
mov
nop
nop
xor
mul
mov
mul
xor
nop
mul
xor
mov
mov
nop
imul
mul
imul
nop
mov
mul
mov
mov
popf
mov
xchg
xchg
mov
xchg
mov
mov
push
pop
mov
mov
mov
xchg
xchg
mov
pushf
mov
nop
xor
mul
mul
imul
mov
nop
nop
xor
mul
mov
mul
xor
nop
mul
xor
mov
mov
nop
imul
mul
imul
nop
mov
mul
mov
mov
popf
mov
xchg
xchg
mov
xchg
mov
mov
push
pop
mov
mov
mov
xchg
xchg
mov
pushf
mov
nop
xor
mul
mul
imul
mov
nop
nop
xor
mul
mov
mul
xor
nop
mul
xor
mov
mov
nop
imul
mul
imul
nop
mov
mul
mov
mov
popf
mov
xchg
xchg
mov
xchg
mov
mov
push
pop
mov
mov
mov
xchg
xchg
mov
pushf
mov
nop
xor
mul
mul
imul
mov
nop
nop
xor
mul
mov
mul
xor
nop
mul
xor
mov
mov
nop
imul
mul
imul
nop
mov
mul
mov
mov
popf
mov
xchg
xchg
mov
xchg
mov
mov
push
pop
mov
mov
mov
xchg
xchg
mov
pushf
mov
nop
xor
mul
mul
imul
mov
nop
nop
xor
mul
mov
mul
xor
nop
mul
xor
mov
mov
nop
imul
mul
imul
nop
mov
mul
mov
mov
popf
mov
xchg
xchg
mov
xchg
mov
mov
push
pop
mov
mov
mov
xchg
xchg
mov
pushf
mov
nop
xor
mul
mul
imul
mov
nop
nop
xor
mul
mov
mul
xor
nop
mul
xor
mov
mov
nop
imul
mul
imul
nop
mov
mul
mov
mov
popf
mov
xchg
xchg
mov
xchg
mov
mov
push
pop
mov
mov
mov
xchg
xchg
mov
pushf
mov
nop
xor
mul
mul
imul
mov
nop
nop
xor
mul
mov
mul
xor
nop
mul
xor
mov
mov
nop
imul
mul
imul
nop
mov
mul
mov
mov
popf
mov
xchg
xchg
mov
xchg
mov
mov
push
pop
mov
mov
mov
xchg
xchg
mov
pushf
mov
nop
xor
mul
mul
imul
mov
nop
nop
xor
mul
mov
mul
xor
nop
mul
xor
mov
mov
nop
imul
mul
imul
nop
mov
mul
mov
mov
popf
mov
xchg
xchg
mov
xchg
mov
mov
push
pop
mov
mov
mov
xchg
xchg
mov
pushf
mov
nop
xor
mul
mul
imul
mov
nop
nop
xor
mul
mov
mul
xor
nop
mul
xor
mov
mov
nop
imul
mul
imul
nop
mov
mul
mov
mov
popf
mov
xchg
xchg
mov
xchg
mov
mov
push
pop
mov
mov
mov
xchg
xchg
mov
pushf
mov
nop
xor
mul
mul
imul
mov
nop
nop
xor
mul
mov
mul
xor
nop
mul
xor
mov
mov
nop
imul
mul
imul
nop
mov
mul
mov
mov
popf
mov
xchg
xchg
mov
xchg
mov
mov
push
pop
mov
mov
mov
xchg
xchg
mov
pushf
mov
nop
xor
mul
mul
imul
mov
nop
nop
xor
mul
mov
mul
xor
nop
mul
xor
mov
mov
nop
imul
mul
imul
nop
mov
mul
mov
mov
popf
mov
xchg
xchg
mov
xchg
mov
mov
xor
mov
mov
mov
xchg
xchg
mov
pushf
mov
nop
xor
mul
mul
imul
mov
nop
nop
xor
mul
mov
mul
xor
nop
mul
xor
mov
mov
nop
imul
mul
imul
nop
mov
mul
mov
mov
popf
mov
xchg
xchg
mov
xchg
mov
mov
push
lea
push
push
push
lea
call
mov
add
pop
pop
xor
pop
call
leave
push
push
push
call
mov
push
call
mov
mov
cdq
and
add
mov
pop
sar
xor
test
jle
lea
mov
mov
inc
add
cmp
jl
pop
mov
mov
pop
push
mov
call
mov
mov
mov
xor
lea
stosd
stosd
stosd
stosd
and
mov
mov
xchg
xchg
mov
pushf
mov
nop
xor
mul
mul
imul
mov
nop
nop
xor
mul
mov
mul
xor
nop
mul
xor
mov
mov
nop
imul
mul
imul
nop
mov
mul
mov
mov
popf
mov
xchg
xchg
mov
xchg
mov
mov
push
lea
push
push
call
add
mov
mov
xchg
xchg
mov
pushf
mov
nop
xor
mul
mul
imul
mov
nop
nop
xor
mul
mov
mul
xor
nop
mul
xor
mov
mov
nop
imul
mul
imul
nop
mov
mul
mov
mov
popf
mov
xchg
xchg
mov
xchg
mov
mov
mov
call
push
lea
push
push
call
add
mov
mov
xchg
xchg
mov
pushf
mov
nop
xor
mul
mul
imul
mov
nop
nop
xor
mul
mov
mul
xor
nop
mul
xor
mov
mov
nop
imul
mul
imul
nop
mov
mul
mov
mov
popf
mov
xchg
xchg
mov
xchg
mov
mov
push
lea
push
push
lea
push
call
mov
mov
xchg
xchg
mov
pushf
mov
nop
xor
mul
mul
imul
mov
nop
nop
xor
mul
mov
mul
xor
nop
mul
xor
mov
mov
nop
imul
mul
imul
nop
mov
mul
mov
mov
popf
mov
xchg
xchg
mov
xchg
mov
mov
mov
call
push
mov
and
sub
and
push
push
mov
mov
push
test
push
call
pop
mov
lea
mov
inc
test
sub
mov
lea
push
call
pop
push
push
push
mov
call
add
push
push
push
call
add
push
call
test
mov
lea
mov
inc
test
sub
mov
mov
xor
xor
test
jle
test
cmp
jmp
cmp
cmp
jge
inc
cmp
mov
jmp
inc
cmp
xor
cmp
jge
mov
inc
lea
mov
test
cmp
setz
inc
cmp
jl
xor
inc
cmp
jge
push
call
and
cmp
jle
mov
mov
mov
mov
mov
inc
call
push
push
call
test
mov
jmp
mov
call
push
push
call
test
mov
jmp
push
push
call
test
mov
jmp
push
push
call
test
mov
jmp
mov
call
push
push
call
test
mov
cmp
jge
inc
mov
mov
inc
cmp
mov
lea
mov
inc
test
sub
cmp
mov
lea
mov
inc
test
sub
add
inc
jmp
xor
push
mov
call
jmp
dec
push
call
pop
call
test
jbe
mov
inc
mov
inc
cmp
jl
mov
and
mov
mov
mov
mov
mov
shrd
xor
shr
push
pop
mov
cmp
ja
jb
cmp
ja
push
push
push
push
call
or
add
adc
cmp
jb
ja
cmp
jbe
cmp
jb
ja
cmp
jbe
mov
xor
cmp
cmp
cmp
ja
mov
mov
xchg
xchg
mov
pushf
mov
nop
xor
mul
mul
imul
mov
nop
nop
xor
mul
mov
mul
xor
nop
mul
xor
mov
mov
nop
imul
mul
imul
nop
mov
mul
mov
mov
popf
mov
xchg
xchg
mov
xchg
mov
mov
mov
mov
xchg
xchg
mov
pushf
mov
nop
xor
mul
mul
imul
mov
nop
nop
xor
mul
mov
mul
xor
nop
mul
xor
mov
mov
nop
imul
mul
imul
nop
mov
mul
mov
mov
popf
mov
xchg
xchg
mov
xchg
mov
mov
cmp
jb
jmp
mov
mov
mov
xchg
xchg
mov
pushf
mov
nop
xor
mul
mul
imul
mov
nop
nop
xor
mul
mov
mul
xor
nop
mul
xor
mov
mov
nop
imul
mul
imul
nop
mov
mul
mov
mov
popf
mov
xchg
xchg
mov
xchg
mov
mov
mov
mov
xchg
xchg
mov
pushf
mov
nop
xor
mul
mul
imul
mov
nop
nop
xor
mul
mov
mul
xor
nop
mul
xor
mov
mov
nop
imul
mul
imul
nop
mov
mul
mov
mov
popf
mov
xchg
xchg
mov
xchg
mov
mov
cmp
mov
mov
xchg
xchg
mov
pushf
mov
nop
xor
mul
mul
imul
mov
nop
nop
xor
mul
mov
mul
xor
nop
mul
xor
mov
mov
nop
imul
mul
imul
nop
mov
mul
mov
mov
popf
mov
xchg
xchg
mov
xchg
mov
mov
mov
mov
xchg
xchg
mov
pushf
mov
nop
xor
mul
mul
imul
mov
nop
nop
xor
mul
mov
mul
xor
nop
mul
xor
mov
mov
nop
imul
mul
imul
nop
mov
mul
mov
mov
popf
mov
xchg
xchg
mov
xchg
mov
mov
push
jmp
push
call
pop
pop
pop
pop
mov
pop
jmp
push
call
push
mov
call
push
push
call
push
call
push
mov
sub
and
and
push
push
push
call
mov
mov
push
push
call
push
push
mov
call
push
push
mov
call
push
push
mov
call
mov
test
push
call
pop
mov
push
push
push
push
call
test
lea
push
lea
push
push
push
call
test
push
call
pop
jmp
mov
movzx
push
movzx
push
movzx
movzx
push
push
push
push
call
add
pop
pop
leave
push
mov
sub
mov
xor
mov
push
push
push
mov
push
pop
mov
lea
rep
movsw
movsb
mov
lea
movsd
lea
push
xor
push
movsd
push
lea
mov
mov
mov
push
mov
mov
movsb
call
push
push
call
test
mov
mov
xchg
xchg
mov
pushf
mov
nop
xor
mul
mul
imul
mov
nop
nop
xor
mul
mov
mul
xor
nop
mul
xor
mov
mov
nop
imul
mul
imul
nop
mov
mul
mov
mov
popf
mov
xchg
xchg
mov
xchg
mov
mov
xor
lea
push
mov
push
push
push
lea
mov
mov
push
call
push
push
call
test
mov
mov
xchg
xchg
mov
pushf
mov
nop
xor
mul
mul
imul
mov
nop
nop
xor
mul
mov
mul
xor
nop
mul
xor
mov
mov
nop
imul
mul
imul
nop
mov
mul
mov
mov
popf
mov
xchg
xchg
mov
xchg
mov
mov
mov
mov
mov
xchg
xchg
mov
pushf
mov
nop
xor
mul
mul
imul
mov
nop
nop
xor
mul
mov
mul
xor
nop
mul
xor
mov
mov
nop
imul
mul
imul
nop
mov
mul
mov
mov
popf
mov
xchg
xchg
mov
xchg
mov
mov
push
call
mov
mov
pop
pop
xor
pop
call
leave
push
mov
push
push
push
call
mov
push
call
mov
mov
cdq
and
add
mov
pop
sar
xor
test
jle
mov
lea
mov
mov
inc
add
cmp
jl
pop
mov
mov
pop
pop
push
push
push
push
push
push
push
call
mov
mov
mov
xchg
xchg
mov
pushf
mov
nop
xor
mul
mul
imul
mov
nop
nop
xor
mul
mov
mul
xor
nop
mul
xor
mov
mov
nop
imul
mul
imul
nop
mov
mul
mov
mov
popf
mov
xchg
xchg
mov
xchg
mov
mov
mov
cdq
xor
sub
sar
inc
cmp
mov
jle
mov
add
mov
mov
mov
xchg
xchg
mov
pushf
mov
nop
xor
mul
mul
imul
mov
nop
nop
xor
mul
mov
mul
xor
nop
mul
xor
mov
mov
nop
imul
mul
imul
nop
mov
mul
mov
mov
popf
mov
xchg
xchg
mov
xchg
mov
mov
mov
mov
mov
mov
inc
cmp
jl
mov
xor
mov
mov
mov
xchg
xchg
mov
pushf
mov
nop
xor
mul
mul
imul
mov
nop
nop
xor
mul
mov
mul
xor
nop
mul
xor
mov
mov
nop
imul
mul
imul
nop
mov
mul
mov
mov
popf
mov
xchg
xchg
mov
xchg
mov
mov
mov
pop
pop
pop
pop
pop
pop
push
push
push
call
mov
push
call
mov
mov
cdq
sub
pop
sar
xor
test
jle
mov
mov
mov
inc
inc
inc
cmp
jl
pop
mov
mov
pop
sub
and
push
push
push
mov
mov
push
call
mov
mov
mov
xchg
xchg
mov
pushf
mov
nop
xor
mul
mul
imul
mov
nop
nop
xor
mul
mov
mul
xor
nop
mul
xor
mov
mov
nop
imul
mul
imul
nop
mov
mul
mov
mov
popf
mov
xchg
xchg
mov
xchg
mov
mov
and
cmp
mov
mov
xchg
xchg
mov
pushf
mov
nop
xor
mul
mul
imul
mov
nop
nop
xor
mul
mov
mul
xor
nop
mul
xor
mov
mov
nop
imul
mul
imul
nop
mov
mul
mov
mov
popf
mov
xchg
xchg
mov
xchg
mov
mov
mov
mov
call
mov
mov
mov
xchg
xchg
mov
pushf
mov
nop
xor
mul
mul
imul
mov
nop
nop
xor
mul
mov
mul
xor
nop
mul
xor
mov
mov
nop
imul
mul
imul
nop
mov
mul
mov
mov
popf
mov
xchg
xchg
mov
xchg
mov
mov
push
call
mov
mov
xchg
xchg
mov
pushf
mov
nop
xor
mul
mul
imul
mov
nop
nop
xor
mul
mov
mul
xor
nop
mul
xor
mov
mov
nop
imul
mul
imul
nop
mov
mul
mov
mov
popf
mov
xchg
xchg
mov
xchg
mov
mov
inc
cmp
jl
mov
mov
xchg
xchg
mov
pushf
mov
nop
xor
mul
mul
imul
mov
nop
nop
xor
mul
mov
mul
xor
nop
mul
xor
mov
mov
nop
imul
mul
imul
nop
mov
mul
mov
mov
popf
mov
xchg
xchg
mov
xchg
mov
mov
cmp
mov
mov
xchg
xchg
mov
pushf
mov
nop
xor
mul
mul
imul
mov
nop
nop
xor
mul
mov
mul
xor
nop
mul
xor
mov
mov
nop
imul
mul
imul
nop
mov
mul
mov
mov
popf
mov
xchg
xchg
mov
xchg
mov
mov
mov
mov
mov
xchg
xchg
mov
pushf
mov
nop
xor
mul
mul
imul
mov
nop
nop
xor
mul
mov
mul
xor
nop
mul
xor
mov
mov
nop
imul
mul
imul
nop
mov
mul
mov
mov
popf
mov
xchg
xchg
mov
xchg
mov
mov
mov
pop
pop
pop
pop
add
push
push
pop
xor
push
pop
xor
mul
seto
neg
or
push
call
pop
test
push
mov
mov
sub
movzx
mov
inc
inc
test
mov
push
mov
call
mov
push
push
push
call
test
xor
push
inc
call
push
call
pop
pop
mov
pop
push
mov
sub
mov
xor
mov
push
push
push
mov
mov
push
pop
mov
lea
rep
lea
push
push
xor
push
lea
push
mov
movsb
call
push
push
call
test
push
inc
call
mov
pop
pop
mov
xor
pop
call
leave
sub
mov
xor
mov
push
push
push
mov
push
mov
test
xor
jmp
cmp
xor
movzx
mov
inc
inc
test
mov
lea
push
call
lea
push
push
call
push
jmp
call
push
call
pop
mov
mov
xchg
xchg
mov
pushf
mov
nop
xor
mul
mul
imul
mov
nop
nop
xor
mul
mov
mul
xor
nop
mul
xor
mov
mov
nop
imul
mul
imul
nop
mov
mul
mov
mov
popf
mov
xchg
xchg
mov
xchg
mov
mov
call
mov
mov
xchg
xchg
mov
pushf
mov
nop
xor
mul
mul
imul
mov
nop
nop
xor
mul
mov
mul
xor
nop
mul
xor
mov
mov
nop
imul
mul
imul
nop
mov
mul
mov
mov
popf
mov
xchg
xchg
mov
xchg
mov
mov
call
mov
and
jns
dec
or
inc
add
mov
mov
xchg
xchg
mov
pushf
mov
nop
xor
mul
mul
imul
mov
nop
nop
xor
mul
mov
mul
xor
nop
mul
xor
mov
mov
nop
imul
mul
imul
nop
mov
mul
mov
mov
popf
mov
xchg
xchg
mov
xchg
mov
mov
and
test
jle
mov
inc
mov
call
imul
imul
push
call
pop
mov
mov
xchg
xchg
mov
pushf
mov
nop
xor
mul
mul
imul
mov
nop
nop
xor
mul
mov
mul
xor
nop
mul
xor
mov
mov
nop
imul
mul
imul
nop
mov
mul
mov
mov
popf
mov
xchg
xchg
mov
xchg
mov
mov
call
push
cdq
pop
idiv
mov
mov
mov
xchg
xchg
mov
pushf
mov
nop
xor
mul
mul
imul
mov
nop
nop
xor
mul
mov
mul
xor
nop
mul
xor
mov
mov
nop
imul
mul
imul
nop
mov
mul
mov
mov
popf
mov
xchg
xchg
mov
xchg
mov
mov
mov
cmp
jge
push
cdq
pop
idiv
add
mov
mov
mov
xchg
xchg
mov
pushf
mov
nop
xor
mul
mul
imul
mov
nop
nop
xor
mul
mov
mul
xor
nop
mul
xor
mov
mov
nop
imul
mul
imul
nop
mov
mul
mov
mov
popf
mov
xchg
xchg
mov
xchg
mov
mov
mov
add
cmp
ja
mov
mov
xchg
xchg
mov
pushf
mov
nop
xor
mul
mul
imul
mov
nop
nop
xor
mul
mov
mul
xor
nop
mul
xor
mov
mov
nop
imul
mul
imul
nop
mov
mul
mov
mov
popf
mov
xchg
xchg
mov
xchg
mov
mov
mov
mov
mov
mov
mov
mov
xchg
xchg
mov
pushf
mov
nop
xor
mul
mul
imul
mov
nop
nop
xor
mul
mov
mul
xor
nop
mul
xor
mov
mov
nop
imul
mul
imul
nop
mov
mul
mov
mov
popf
mov
xchg
xchg
mov
xchg
mov
mov
mov
cmp
mov
jl
push
call
push
call
mov
pop
pop
pop
pop
xor
call
add
push
mov
push
push
push
push
mov
mov
xchg
xchg
mov
pushf
mov
nop
xor
mul
mul
imul
mov
nop
nop
xor
mul
mov
mul
xor
nop
mul
xor
mov
mov
nop
imul
mul
imul
nop
mov
mul
mov
mov
popf
mov
xchg
xchg
mov
xchg
mov
mov
xor
push
push
push
push
push
push
push
push
call
mov
mov
mov
xchg
xchg
mov
pushf
mov
nop
xor
mul
mul
imul
mov
nop
nop
xor
mul
mov
mul
xor
nop
mul
xor
mov
mov
nop
imul
mul
imul
nop
mov
mul
mov
mov
popf
mov
xchg
xchg
mov
xchg
mov
mov
inc
push
call
pop
mov
mov
mov
mov
xchg
xchg
mov
pushf
mov
nop
xor
mul
mul
imul
mov
nop
nop
xor
mul
mov
mul
xor
nop
mul
xor
mov
mov
nop
imul
mul
imul
nop
mov
mul
mov
mov
popf
mov
xchg
xchg
mov
xchg
mov
mov
push
mov
push
push
call
add
mov
mov
xchg
xchg
mov
pushf
mov
nop
xor
mul
mul
imul
mov
nop
nop
xor
mul
mov
mul
xor
nop
mul
xor
mov
mov
nop
imul
mul
imul
nop
mov
mul
mov
mov
popf
mov
xchg
xchg
mov
xchg
mov
mov
mov
xor
push
push
push
push
push
push
push
push
call
pop
pop
pop
leave
push
mov
push
push
push
push
mov
mov
xchg
xchg
mov
pushf
mov
nop
xor
mul
mul
imul
mov
nop
nop
xor
mul
mov
mul
xor
nop
mul
xor
mov
mov
nop
imul
mul
imul
nop
mov
mul
mov
mov
popf
mov
xchg
xchg
mov
xchg
mov
mov
xor
push
push
push
push
push
push
call
mov
mov
mov
xchg
xchg
mov
pushf
mov
nop
xor
mul
mul
imul
mov
nop
nop
xor
mul
mov
mul
xor
nop
mul
xor
mov
mov
nop
imul
mul
imul
nop
mov
mul
mov
mov
popf
mov
xchg
xchg
mov
xchg
mov
mov
inc
mov
add
push
call
pop
mov
mov
mov
mov
xchg
xchg
mov
pushf
mov
nop
xor
mul
mul
imul
mov
nop
nop
xor
mul
mov
mul
xor
nop
mul
xor
mov
mov
nop
imul
mul
imul
nop
mov
mul
mov
mov
popf
mov
xchg
xchg
mov
xchg
mov
mov
push
mov
push
push
call
add
mov
mov
xchg
xchg
mov
pushf
mov
nop
xor
mul
mul
imul
mov
nop
nop
xor
mul
mov
mul
xor
nop
mul
xor
mov
mov
nop
imul
mul
imul
nop
mov
mul
mov
mov
popf
mov
xchg
xchg
mov
xchg
mov
mov
push
mov
push
push
push
push
push
call
pop
pop
pop
leave
push
lea
sub
push
push
push
mov
push
sub
mov
xor
xor
mov
push
push
push
push
lea
mov
and
mov
mov
mov
xchg
xchg
mov
pushf
mov
nop
xor
mul
mul
imul
mov
nop
nop
xor
mul
mov
mul
xor
nop
mul
xor
mov
mov
nop
imul
mul
imul
nop
mov
mul
mov
mov
popf
mov
xchg
xchg
mov
xchg
mov
mov
lea
push
call
mov
mov
xchg
xchg
mov
pushf
mov
nop
xor
mul
mul
imul
mov
nop
nop
xor
mul
mov
mul
xor
nop
mul
xor
mov
mov
nop
imul
mul
imul
nop
mov
mul
mov
mov
popf
mov
xchg
xchg
mov
xchg
mov
mov
push
call
mov
mov
mov
xchg
xchg
mov
pushf
mov
nop
xor
mul
mul
imul
mov
nop
nop
xor
mul
mov
mul
xor
nop
mul
xor
mov
mov
nop
imul
mul
imul
nop
mov
mul
mov
mov
popf
mov
xchg
xchg
mov
xchg
mov
mov
push
push
mov
call
mov
push
push
call
mov
push
push
call
mov
mov
mov
xchg
xchg
mov
pushf
mov
nop
xor
mul
mul
imul
mov
nop
nop
xor
mul
mov
mul
xor
nop
mul
xor
mov
mov
nop
imul
mul
imul
nop
mov
mul
mov
mov
popf
mov
xchg
xchg
mov
xchg
mov
mov
push
push
mov
call
mov
push
push
call
mov
mov
mov
xchg
xchg
mov
pushf
mov
nop
xor
mul
mul
imul
mov
nop
nop
xor
mul
mov
mul
xor
nop
mul
xor
mov
mov
nop
imul
mul
imul
nop
mov
mul
mov
mov
popf
mov
xchg
xchg
mov
xchg
mov
mov
push
push
call
mov
mov
mov
xchg
xchg
mov
pushf
mov
nop
xor
mul
mul
imul
mov
nop
nop
xor
mul
mov
mul
xor
nop
mul
xor
mov
mov
nop
imul
mul
imul
nop
mov
mul
mov
mov
popf
mov
xchg
xchg
mov
xchg
mov
mov
xor
cmp
cmp
cmp
cmp
cmp
cmp
cmp
mov
mov
mov
mov
mov
mov
mov
mov
mov
mov
mov
mov
mov
xchg
xchg
mov
pushf
mov
nop
xor
mul
mul
imul
mov
nop
nop
xor
mul
mov
mul
xor
nop
mul
xor
mov
mov
nop
imul
mul
imul
nop
mov
mul
mov
mov
popf
mov
xchg
xchg
mov
xchg
mov
mov
lea
push
xor
push
push
push
push
push
push
push
push
push
lea
push
call
test
mov
mov
xchg
xchg
mov
pushf
mov
nop
xor
mul
mul
imul
mov
nop
nop
xor
mul
mov
mul
xor
nop
mul
xor
mov
mov
nop
imul
mul
imul
nop
mov
mul
mov
mov
popf
mov
xchg
xchg
mov
xchg
mov
mov
cmp
mov
mov
xchg
xchg
mov
pushf
mov
nop
xor
mul
mul
imul
mov
nop
nop
xor
mul
mov
mul
xor
nop
mul
xor
mov
mov
nop
imul
mul
imul
nop
mov
mul
mov
mov
popf
mov
xchg
xchg
mov
xchg
mov
mov
lea
push
push
call
push
call
test
mov
mov
xchg
xchg
mov
pushf
mov
nop
xor
mul
mul
imul
mov
nop
nop
xor
mul
mov
mul
xor
nop
mul
xor
mov
mov
nop
imul
mul
imul
nop
mov
mul
mov
mov
popf
mov
xchg
xchg
mov
xchg
mov
mov
cmp
push
call
pop
mov
mov
xchg
xchg
mov
pushf
mov
nop
xor
mul
mul
imul
mov
nop
nop
xor
mul
mov
mul
xor
nop
mul
xor
mov
mov
nop
imul
mul
imul
nop
mov
mul
mov
mov
popf
mov
xchg
xchg
mov
xchg
mov
mov
push
call
pop
mov
mov
mov
xchg
xchg
mov
pushf
mov
nop
xor
mul
mul
imul
mov
nop
nop
xor
mul
mov
mul
xor
nop
mul
xor
mov
mov
nop
imul
mul
imul
nop
mov
mul
mov
mov
popf
mov
xchg
xchg
mov
xchg
mov
mov
cmp
mov
mov
xchg
xchg
mov
pushf
mov
nop
xor
mul
mul
imul
mov
nop
nop
xor
mul
mov
mul
xor
nop
mul
xor
mov
mov
nop
imul
mul
imul
nop
mov
mul
mov
mov
popf
mov
xchg
xchg
mov
xchg
mov
mov
push
call
mov
mov
xchg
xchg
mov
pushf
mov
nop
xor
mul
mul
imul
mov
nop
nop
xor
mul
mov
mul
xor
nop
mul
xor
mov
mov
nop
imul
mul
imul
nop
mov
mul
mov
mov
popf
mov
xchg
xchg
mov
xchg
mov
mov
lea
push
push
push
push
push
call
test
call
cmp
mov
mov
xchg
xchg
mov
pushf
mov
nop
xor
mul
mul
imul
mov
nop
nop
xor
mul
mov
mul
xor
nop
mul
xor
mov
mov
nop
imul
mul
imul
nop
mov
mul
mov
mov
popf
mov
xchg
xchg
mov
xchg
mov
mov
call
test
mov
mov
xchg
xchg
mov
pushf
mov
nop
xor
mul
mul
imul
mov
nop
nop
xor
mul
mov
mul
xor
nop
mul
xor
mov
mov
nop
imul
mul
imul
nop
mov
mul
mov
mov
popf
mov
xchg
xchg
mov
xchg
mov
mov
and
mov
mov
cmp
mov
mov
xchg
xchg
mov
pushf
mov
nop
xor
mul
mul
imul
mov
nop
nop
xor
mul
mov
mul
xor
nop
mul
xor
mov
mov
nop
imul
mul
imul
nop
mov
mul
mov
mov
popf
mov
xchg
xchg
mov
xchg
mov
mov
mov
mov
push
push
call
test
mov
mov
xchg
xchg
mov
pushf
mov
nop
xor
mul
mul
imul
mov
nop
nop
xor
mul
mov
mul
xor
nop
mul
xor
mov
mov
nop
imul
mul
imul
nop
mov
mul
mov
mov
popf
mov
xchg
xchg
mov
xchg
mov
mov
mov
jmp
mov
mov
xchg
xchg
mov
pushf
mov
nop
xor
mul
mul
imul
mov
nop
nop
xor
mul
mov
mul
xor
nop
mul
xor
mov
mov
nop
imul
mul
imul
nop
mov
mul
mov
mov
popf
mov
xchg
xchg
mov
xchg
mov
mov
inc
jmp
mov
mov
xchg
xchg
mov
pushf
mov
nop
xor
mul
mul
imul
mov
nop
nop
xor
mul
mov
mul
xor
nop
mul
xor
mov
mov
nop
imul
mul
imul
nop
mov
mul
mov
mov
popf
mov
xchg
xchg
mov
xchg
mov
mov
lea
push
push
push
call
mov
mov
xchg
xchg
mov
pushf
mov
nop
xor
mul
mul
imul
mov
nop
nop
xor
mul
mov
mul
xor
nop
mul
xor
mov
mov
nop
imul
mul
imul
nop
mov
mul
mov
mov
popf
mov
xchg
xchg
mov
xchg
mov
mov
mov
call
mov
mov
xchg
xchg
mov
pushf
mov
nop
xor
mul
mul
imul
mov
nop
nop
xor
mul
mov
mul
xor
nop
mul
xor
mov
mov
nop
imul
mul
imul
nop
mov
mul
mov
mov
popf
mov
xchg
xchg
mov
xchg
mov
mov
mov
mov
xchg
xchg
mov
pushf
mov
nop
xor
mul
mul
imul
mov
nop
nop
xor
mul
mov
mul
xor
nop
mul
xor
mov
mov
nop
imul
mul
imul
nop
mov
mul
mov
mov
popf
mov
xchg
xchg
mov
xchg
mov
mov
mov
mov
mov
pop
pop
pop
pop
mov
xor
call
add
leave
cmp
mov
mov
xchg
xchg
mov
pushf
mov
nop
xor
mul
mul
imul
mov
nop
nop
xor
mul
mov
mul
xor
nop
mul
xor
mov
mov
nop
imul
mul
imul
nop
mov
mul
mov
mov
popf
mov
xchg
xchg
mov
xchg
mov
mov
cmp
push
call
mov
mov
xchg
xchg
mov
pushf
mov
nop
xor
mul
mul
imul
mov
nop
nop
xor
mul
mov
mul
xor
nop
mul
xor
mov
mov
nop
imul
mul
imul
nop
mov
mul
mov
mov
popf
mov
xchg
xchg
mov
xchg
mov
mov
cmp
push
call
pop
mov
mov
xchg
xchg
mov
pushf
mov
nop
xor
mul
mul
imul
mov
nop
nop
xor
mul
mov
mul
xor
nop
mul
xor
mov
mov
nop
imul
mul
imul
nop
mov
mul
mov
mov
popf
mov
xchg
xchg
mov
xchg
mov
mov
cmp
push
call
mov
mov
xchg
xchg
mov
pushf
mov
nop
xor
mul
mul
imul
mov
nop
nop
xor
mul
mov
mul
xor
nop
mul
xor
mov
mov
nop
imul
mul
imul
nop
mov
mul
mov
mov
popf
mov
xchg
xchg
mov
xchg
mov
mov
push
lea
mov
call
mov
xor
mov
mov
and
and
mov
mov
mov
mov
mov
mov
push
mov
mov
push
push
mov
mov
mov
mov
xchg
xchg
mov
pushf
mov
nop
xor
mul
mul
imul
mov
nop
nop
xor
mul
mov
mul
xor
nop
mul
xor
mov
mov
nop
imul
mul
imul
nop
mov
mul
mov
mov
popf
mov
xchg
xchg
mov
xchg
mov
mov
push
call
mov
mov
push
lea
push
call
mov
mov
xchg
xchg
mov
pushf
mov
nop
xor
mul
mul
imul
mov
nop
nop
xor
mul
mov
mul
xor
nop
mul
xor
mov
mov
nop
imul
mul
imul
nop
mov
mul
mov
mov
popf
mov
xchg
xchg
mov
xchg
mov
mov
push
call
push
push
mov
call
mov
mov
mov
xchg
xchg
mov
pushf
mov
nop
xor
mul
mul
imul
mov
nop
nop
xor
mul
mov
mul
xor
nop
mul
xor
mov
mov
nop
imul
mul
imul
nop
mov
mul
mov
mov
popf
mov
xchg
xchg
mov
xchg
mov
mov
xor
push
push
push
push
lea
push
call
mov
mov
push
lea
push
push
push
mov
mov
call
push
lea
push
push
push
call
push
lea
push
push
push
call
mov
mov
xchg
xchg
mov
pushf
mov
nop
xor
mul
mul
imul
mov
nop
nop
xor
mul
mov
mul
xor
nop
mul
xor
mov
mov
nop
imul
mul
imul
nop
mov
mul
mov
mov
popf
mov
xchg
xchg
mov
xchg
mov
mov
cmp
mov
mov
xchg
xchg
mov
pushf
mov
nop
xor
mul
mul
imul
mov
nop
nop
xor
mul
mov
mul
xor
nop
mul
xor
mov
mov
nop
imul
mul
imul
nop
mov
mul
mov
mov
popf
mov
xchg
xchg
mov
xchg
mov
mov
mov
mov
mov
xchg
xchg
mov
pushf
mov
nop
xor
mul
mul
imul
mov
nop
nop
xor
mul
mov
mul
xor
nop
mul
xor
mov
mov
nop
imul
mul
imul
nop
mov
mul
mov
mov
popf
mov
xchg
xchg
mov
xchg
mov
mov
jmp
push
push
call
mov
mov
mov
xchg
xchg
mov
pushf
mov
nop
xor
mul
mul
imul
mov
nop
nop
xor
mul
mov
mul
xor
nop
mul
xor
mov
mov
nop
imul
mul
imul
nop
mov
mul
mov
mov
popf
mov
xchg
xchg
mov
xchg
mov
mov
xor
push
push
push
push
push
push
call
mov
cmp
mov
mov
xchg
xchg
mov
pushf
mov
nop
xor
mul
mul
imul
mov
nop
nop
xor
mul
mov
mul
xor
nop
mul
xor
mov
mov
nop
imul
mul
imul
nop
mov
mul
mov
mov
popf
mov
xchg
xchg
mov
xchg
mov
mov
mov
mov
xchg
xchg
mov
pushf
mov
nop
xor
mul
mul
imul
mov
nop
nop
xor
mul
mov
mul
xor
nop
mul
xor
mov
mov
nop
imul
mul
imul
nop
mov
mul
mov
mov
popf
mov
xchg
xchg
mov
xchg
mov
mov
mov
mov
mov
xchg
xchg
mov
pushf
mov
nop
xor
mul
mul
imul
mov
nop
nop
xor
mul
mov
mul
xor
nop
mul
xor
mov
mov
nop
imul
mul
imul
nop
mov
mul
mov
mov
popf
mov
xchg
xchg
mov
xchg
mov
mov
jmp
mov
mov
xchg
xchg
mov
pushf
mov
nop
xor
mul
mul
imul
mov
nop
nop
xor
mul
mov
mul
xor
nop
mul
xor
mov
mov
nop
imul
mul
imul
nop
mov
mul
mov
mov
popf
mov
xchg
xchg
mov
xchg
mov
mov
mov
mov
mov
xchg
xchg
mov
pushf
mov
nop
xor
mul
mul
imul
mov
nop
nop
xor
mul
mov
mul
xor
nop
mul
xor
mov
mov
nop
imul
mul
imul
nop
mov
mul
mov
mov
popf
mov
xchg
xchg
mov
xchg
mov
mov
push
lea
push
lea
push
push
push
call
test
mov
mov
xchg
xchg
mov
pushf
mov
nop
xor
mul
mul
imul
mov
nop
nop
xor
mul
mov
mul
xor
nop
mul
xor
mov
mov
nop
imul
mul
imul
nop
mov
mul
mov
mov
popf
mov
xchg
xchg
mov
xchg
mov
mov
mov
test
mov
mov
mov
mov
xchg
xchg
mov
pushf
mov
nop
xor
mul
mul
imul
mov
nop
nop
xor
mul
mov
mul
xor
nop
mul
xor
mov
mov
nop
imul
mul
imul
nop
mov
mul
mov
mov
popf
mov
xchg
xchg
mov
xchg
mov
mov
mov
mov
test
call
mov
jmp
mov
mov
xchg
xchg
mov
pushf
mov
nop
xor
mul
mul
imul
mov
nop
nop
xor
mul
mov
mul
xor
nop
mul
xor
mov
mov
nop
imul
mul
imul
nop
mov
mul
mov
mov
popf
mov
xchg
xchg
mov
xchg
mov
mov
mov
mov
test
mov
cmp
mov
mov
xchg
xchg
mov
pushf
mov
nop
xor
mul
mul
imul
mov
nop
nop
xor
mul
mov
mul
xor
nop
mul
xor
mov
mov
nop
imul
mul
imul
nop
mov
mul
mov
mov
popf
mov
xchg
xchg
mov
xchg
mov
mov
mov
mov
mov
xchg
xchg
mov
pushf
mov
nop
xor
mul
mul
imul
mov
nop
nop
xor
mul
mov
mul
xor
nop
mul
xor
mov
mov
nop
imul
mul
imul
nop
mov
mul
mov
mov
popf
mov
xchg
xchg
mov
xchg
mov
mov
jmp
and
and
mov
mov
xchg
xchg
mov
pushf
mov
nop
xor
mul
mul
imul
mov
nop
nop
xor
mul
mov
mul
xor
nop
mul
xor
mov
mov
nop
imul
mul
imul
nop
mov
mul
mov
mov
popf
mov
xchg
xchg
mov
xchg
mov
mov
push
push
call
mov
mov
mov
xchg
xchg
mov
pushf
mov
nop
xor
mul
mul
imul
mov
nop
nop
xor
mul
mov
mul
xor
nop
mul
xor
mov
mov
nop
imul
mul
imul
nop
mov
mul
mov
mov
popf
mov
xchg
xchg
mov
xchg
mov
mov
mov
push
lea
push
push
call
add
lea
push
push
lea
push
push
call
test
mov
mov
xchg
xchg
mov
pushf
mov
nop
xor
mul
mul
imul
mov
nop
nop
xor
mul
mov
mul
xor
nop
mul
xor
mov
mov
nop
imul
mul
imul
nop
mov
mul
mov
mov
popf
mov
xchg
xchg
mov
xchg
mov
mov
cmp
jbe
mov
mov
xchg
xchg
mov
pushf
mov
nop
xor
mul
mul
imul
mov
nop
nop
xor
mul
mov
mul
xor
nop
mul
xor
mov
mov
nop
imul
mul
imul
nop
mov
mul
mov
mov
popf
mov
xchg
xchg
mov
xchg
mov
mov
cmp
mov
mov
xchg
xchg
mov
pushf
mov
nop
xor
mul
mul
imul
mov
nop
nop
xor
mul
mov
mul
xor
nop
mul
xor
mov
mov
nop
imul
mul
imul
nop
mov
mul
mov
mov
popf
mov
xchg
xchg
mov
xchg
mov
mov
mov
mov
mov
add
push
push
call
pop
pop
mov
mov
mov
xchg
xchg
mov
pushf
mov
nop
xor
mul
mul
imul
mov
nop
nop
xor
mul
mov
mul
xor
nop
mul
xor
mov
mov
nop
imul
mul
imul
nop
mov
mul
mov
mov
popf
mov
xchg
xchg
mov
xchg
mov
mov
push
mov
mov
add
push
push
call
add
mov
mov
xchg
xchg
mov
pushf
mov
nop
xor
mul
mul
imul
mov
nop
nop
xor
mul
mov
mul
xor
nop
mul
xor
mov
mov
nop
imul
mul
imul
nop
mov
mul
mov
mov
popf
mov
xchg
xchg
mov
xchg
mov
mov
push
lea
push
mov
mov
add
push
call
add
mov
mov
xchg
xchg
mov
pushf
mov
nop
xor
mul
mul
imul
mov
nop
nop
xor
mul
mov
mul
xor
nop
mul
xor
mov
mov
nop
imul
mul
imul
nop
mov
mul
mov
mov
popf
mov
xchg
xchg
mov
xchg
mov
mov
mov
mov
mov
xchg
xchg
mov
pushf
mov
nop
xor
mul
mul
imul
mov
nop
nop
xor
mul
mov
mul
xor
nop
mul
xor
mov
mov
nop
imul
mul
imul
nop
mov
mul
mov
mov
popf
mov
xchg
xchg
mov
xchg
mov
mov
mov
mov
xor
push
push
push
call
cmp
mov
mov
xchg
xchg
mov
pushf
mov
nop
xor
mul
mul
imul
mov
nop
nop
xor
mul
mov
mul
xor
nop
mul
xor
mov
mov
nop
imul
mul
imul
nop
mov
mul
mov
mov
popf
mov
xchg
xchg
mov
xchg
mov
mov
mov
test
mov
mov
mov
mov
xchg
xchg
mov
pushf
mov
nop
xor
mul
mul
imul
mov
nop
nop
xor
mul
mov
mul
xor
nop
mul
xor
mov
mov
nop
imul
mul
imul
nop
mov
mul
mov
mov
popf
mov
xchg
xchg
mov
xchg
mov
mov
and
mov
mov
xchg
xchg
mov
pushf
mov
nop
xor
mul
mul
imul
mov
nop
nop
xor
mul
mov
mul
xor
nop
mul
xor
mov
mov
nop
imul
mul
imul
nop
mov
mul
mov
mov
popf
mov
xchg
xchg
mov
xchg
mov
mov
cmp
mov
push
call
cmp
push
call
mov
mov
pop
pop
xor
pop
call
add
leave
push
mov
sub
mov
xor
mov
mov
and
and
push
push
push
mov
mov
mov
mov
xchg
xchg
mov
pushf
mov
nop
xor
mul
mul
imul
mov
nop
nop
xor
mul
mov
mul
xor
nop
mul
xor
mov
mov
nop
imul
mul
imul
nop
mov
mul
mov
mov
popf
mov
xchg
xchg
mov
xchg
mov
mov
push
call
mov
mov
push
lea
push
call
mov
mov
xchg
xchg
mov
pushf
mov
nop
xor
mul
mul
imul
mov
nop
nop
xor
mul
mov
mul
xor
nop
mul
xor
mov
mov
nop
imul
mul
imul
nop
mov
mul
mov
mov
popf
mov
xchg
xchg
mov
xchg
mov
mov
mov
mov
xchg
xchg
mov
pushf
mov
nop
xor
mul
mul
imul
mov
nop
nop
xor
mul
mov
mul
xor
nop
mul
xor
mov
mov
nop
imul
mul
imul
nop
mov
mul
mov
mov
popf
mov
xchg
xchg
mov
xchg
mov
mov
push
call
mov
mov
push
push
call
push
push
mov
call
xor
push
push
push
push
lea
push
call
mov
mov
mov
xchg
xchg
mov
pushf
mov
nop
xor
mul
mul
imul
mov
nop
nop
xor
mul
mov
mul
xor
nop
mul
xor
mov
mov
nop
imul
mul
imul
nop
mov
mul
mov
mov
popf
mov
xchg
xchg
mov
xchg
mov
mov
mov
test
mov
push
lea
push
push
push
mov
call
push
lea
push
push
push
call
push
lea
push
push
push
call
mov
mov
xchg
xchg
mov
pushf
mov
nop
xor
mul
mul
imul
mov
nop
nop
xor
mul
mov
mul
xor
nop
mul
xor
mov
mov
nop
imul
mul
imul
nop
mov
mul
mov
mov
popf
mov
xchg
xchg
mov
xchg
mov
mov
xor
push
push
push
push
push
push
call
mov
cmp
mov
mov
xchg
xchg
mov
pushf
mov
nop
xor
mul
mul
imul
mov
nop
nop
xor
mul
mov
mul
xor
nop
mul
xor
mov
mov
nop
imul
mul
imul
nop
mov
mul
mov
mov
popf
mov
xchg
xchg
mov
xchg
mov
mov
mov
mov
push
pop
push
lea
push
push
push
call
push
lea
push
push
push
call
push
lea
push
push
push
call
push
lea
push
lea
push
push
push
mov
call
test
push
lea
push
push
push
call
push
lea
push
push
push
call
push
lea
push
push
pop
push
push
call
mov
jmp
mov
mov
xchg
xchg
mov
pushf
mov
nop
xor
mul
mul
imul
mov
nop
nop
xor
mul
mov
mul
xor
nop
mul
xor
mov
mov
nop
imul
mul
imul
nop
mov
mul
mov
mov
popf
mov
xchg
xchg
mov
xchg
mov
mov
mov
mov
xchg
xchg
mov
pushf
mov
nop
xor
mul
mul
imul
mov
nop
nop
xor
mul
mov
mul
xor
nop
mul
xor
mov
mov
nop
imul
mul
imul
nop
mov
mul
mov
mov
popf
mov
xchg
xchg
mov
xchg
mov
mov
cmp
mov
mov
xchg
xchg
mov
pushf
mov
nop
xor
mul
mul
imul
mov
nop
nop
xor
mul
mov
mul
xor
nop
mul
xor
mov
mov
nop
imul
mul
imul
nop
mov
mul
mov
mov
popf
mov
xchg
xchg
mov
xchg
mov
mov
mov
jmp
mov
mov
xchg
xchg
mov
pushf
mov
nop
xor
mul
mul
imul
mov
nop
nop
xor
mul
mov
mul
xor
nop
mul
xor
mov
mov
nop
imul
mul
imul
nop
mov
mul
mov
mov
popf
mov
xchg
xchg
mov
xchg
mov
mov
mov
mov
mov
xchg
xchg
mov
pushf
mov
nop
xor
mul
mul
imul
mov
nop
nop
xor
mul
mov
mul
xor
nop
mul
xor
mov
mov
nop
imul
mul
imul
nop
mov
mul
mov
mov
popf
mov
xchg
xchg
mov
xchg
mov
mov
jmp
mov
mov
xchg
xchg
mov
pushf
mov
nop
xor
mul
mul
imul
mov
nop
nop
xor
mul
mov
mul
xor
nop
mul
xor
mov
mov
nop
imul
mul
imul
nop
mov
mul
mov
mov
popf
mov
xchg
xchg
mov
xchg
mov
mov
mov
jmp
mov
mov
xchg
xchg
mov
pushf
mov
nop
xor
mul
mul
imul
mov
nop
nop
xor
mul
mov
mul
xor
nop
mul
xor
mov
mov
nop
imul
mul
imul
nop
mov
mul
mov
mov
popf
mov
xchg
xchg
mov
xchg
mov
mov
mov
mov
mov
xchg
xchg
mov
pushf
mov
nop
xor
mul
mul
imul
mov
nop
nop
xor
mul
mov
mul
xor
nop
mul
xor
mov
mov
nop
imul
mul
imul
nop
mov
mul
mov
mov
popf
mov
xchg
xchg
mov
xchg
mov
mov
cmp
push
call
mov
mov
xchg
xchg
mov
pushf
mov
nop
xor
mul
mul
imul
mov
nop
nop
xor
mul
mov
mul
xor
nop
mul
xor
mov
mov
nop
imul
mul
imul
nop
mov
mul
mov
mov
popf
mov
xchg
xchg
mov
xchg
mov
mov
cmp
push
call
mov
mov
xchg
xchg
mov
pushf
mov
nop
xor
mul
mul
imul
mov
nop
nop
xor
mul
mov
mul
xor
nop
mul
xor
mov
mov
nop
imul
mul
imul
nop
mov
mul
mov
mov
popf
mov
xchg
xchg
mov
xchg
mov
mov
mov
mov
pop
pop
xor
pop
call
leave
push
mov
sub
push
push
push
mov
call
xor
mov
xor
mov
cmp
mov
mov
mov
push
sub
push
push
push
push
call
mov
cmp
jmp
lea
push
call
lea
push
call
push
push
push
push
lea
push
call
test
cmp
call
sub
cmp
jb
mov
pop
pop
pop
leave
push
push
push
push
push
call
mov
mov
mov
xchg
xchg
mov
pushf
mov
nop
xor
mul
mul
imul
mov
nop
nop
xor
mul
mov
mul
xor
nop
mul
xor
mov
mov
nop
imul
mul
imul
nop
mov
mul
mov
mov
popf
mov
xchg
xchg
mov
xchg
mov
mov
pop
xor
pop
cmp
pop
pop
push
call
push
push
call
push
push
call
sub
push
push
push
push
xor
mov
push
mov
push
push
mov
mov
mov
mov
mov
call
lea
push
push
push
call
push
push
push
call
push
push
push
call
push
push
push
call
push
call
add
mov
mov
mov
xchg
xchg
mov
pushf
mov
nop
xor
mul
mul
imul
mov
nop
nop
xor
mul
mov
mul
xor
nop
mul
xor
mov
mov
nop
imul
mul
imul
nop
mov
mul
mov
mov
popf
mov
xchg
xchg
mov
xchg
mov
mov
cmp
mov
mov
xchg
xchg
mov
pushf
mov
nop
xor
mul
mul
imul
mov
nop
nop
xor
mul
mov
mul
xor
nop
mul
xor
mov
mov
nop
imul
mul
imul
nop
mov
mul
mov
mov
popf
mov
xchg
xchg
mov
xchg
mov
mov
push
push
call
pop
pop
mov
mov
xchg
xchg
mov
pushf
mov
nop
xor
mul
mul
imul
mov
nop
nop
xor
mul
mov
mul
xor
nop
mul
xor
mov
mov
nop
imul
mul
imul
nop
mov
mul
mov
mov
popf
mov
xchg
xchg
mov
xchg
mov
mov
push
pop
jmp
push
push
call
pop
pop
mov
mov
xchg
xchg
mov
pushf
mov
nop
xor
mul
mul
imul
mov
nop
nop
xor
mul
mov
mul
xor
nop
mul
xor
mov
mov
nop
imul
mul
imul
nop
mov
mul
mov
mov
popf
mov
xchg
xchg
mov
xchg
mov
mov
push
push
push
call
add
mov
mov
xchg
xchg
mov
pushf
mov
nop
xor
mul
mul
imul
mov
nop
nop
xor
mul
mov
mul
xor
nop
mul
xor
mov
mov
nop
imul
mul
imul
nop
mov
mul
mov
mov
popf
mov
xchg
xchg
mov
xchg
mov
mov
mov
push
push
mov
call
push
push
push
call
add
test
push
call
pop
mov
mov
xchg
xchg
mov
pushf
mov
nop
xor
mul
mul
imul
mov
nop
nop
xor
mul
mov
mul
xor
nop
mul
xor
mov
mov
nop
imul
mul
imul
nop
mov
mul
mov
mov
popf
mov
xchg
xchg
mov
xchg
mov
mov
push
push
call
pop
pop
mov
mov
xchg
xchg
mov
pushf
mov
nop
xor
mul
mul
imul
mov
nop
nop
xor
mul
mov
mul
xor
nop
mul
xor
mov
mov
nop
imul
mul
imul
nop
mov
mul
mov
mov
popf
mov
xchg
xchg
mov
xchg
mov
mov
jmp
push
push
call
pop
pop
push
push
xor
push
push
mov
push
push
push
push
push
mov
push
push
push
push
push
call
mov
mov
mov
xchg
xchg
mov
pushf
mov
nop
xor
mul
mul
imul
mov
nop
nop
xor
mul
mov
mul
xor
nop
mul
xor
mov
mov
nop
imul
mul
imul
nop
mov
mul
mov
mov
popf
mov
xchg
xchg
mov
xchg
mov
mov
cmp
push
mov
call
push
mov
call
lea
mov
mov
mov
xchg
xchg
mov
pushf
mov
nop
xor
mul
mul
imul
mov
nop
nop
xor
mul
mov
mul
xor
nop
mul
xor
mov
mov
nop
imul
mul
imul
nop
mov
mul
mov
mov
popf
mov
xchg
xchg
mov
xchg
mov
mov
push
call
pop
push
mov
push
call
mov
mov
xchg
xchg
mov
pushf
mov
nop
xor
mul
mul
imul
mov
nop
nop
xor
mul
mov
mul
xor
nop
mul
xor
mov
mov
nop
imul
mul
imul
nop
mov
mul
mov
mov
popf
mov
xchg
xchg
mov
xchg
mov
mov
push
push
call
pop
pop
mov
mov
xchg
xchg
mov
pushf
mov
nop
xor
mul
mul
imul
mov
nop
nop
xor
mul
mov
mul
xor
nop
mul
xor
mov
mov
nop
imul
mul
imul
nop
mov
mul
mov
mov
popf
mov
xchg
xchg
mov
xchg
mov
mov
jmp
mov
mov
xchg
xchg
mov
pushf
mov
nop
xor
mul
mul
imul
mov
nop
nop
xor
mul
mov
mul
xor
nop
mul
xor
mov
mov
nop
imul
mul
imul
nop
mov
mul
mov
mov
popf
mov
xchg
xchg
mov
xchg
mov
mov
mov
mov
mov
mov
xchg
xchg
mov
pushf
mov
nop
xor
mul
mul
imul
mov
nop
nop
xor
mul
mov
mul
xor
nop
mul
xor
mov
mov
nop
imul
mul
imul
nop
mov
mul
mov
mov
popf
mov
xchg
xchg
mov
xchg
mov
mov
mov
lea
push
lea
push
lea
push
lea
push
push
mov
call
push
mov
call
pop
mov
mov
xchg
xchg
mov
pushf
mov
nop
xor
mul
mul
imul
mov
nop
nop
xor
mul
mov
mul
xor
nop
mul
xor
mov
mov
nop
imul
mul
imul
nop
mov
mul
mov
mov
popf
mov
xchg
xchg
mov
xchg
mov
mov
mov
test
mov
mov
mov
mov
xchg
xchg
mov
pushf
mov
nop
xor
mul
mul
imul
mov
nop
nop
xor
mul
mov
mul
xor
nop
mul
xor
mov
mov
nop
imul
mul
imul
nop
mov
mul
mov
mov
popf
mov
xchg
xchg
mov
xchg
mov
mov
mov
test
mov
mov
mov
mov
xchg
xchg
mov
pushf
mov
nop
xor
mul
mul
imul
mov
nop
nop
xor
mul
mov
mul
xor
nop
mul
xor
mov
mov
nop
imul
mul
imul
nop
mov
mul
mov
mov
popf
mov
xchg
xchg
mov
xchg
mov
mov
test
mov
mov
xchg
xchg
mov
pushf
mov
nop
xor
mul
mul
imul
mov
nop
nop
xor
mul
mov
mul
xor
nop
mul
xor
mov
mov
nop
imul
mul
imul
nop
mov
mul
mov
mov
popf
mov
xchg
xchg
mov
xchg
mov
mov
push
push
call
pop
pop
mov
mov
xchg
xchg
mov
pushf
mov
nop
xor
mul
mul
imul
mov
nop
nop
xor
mul
mov
mul
xor
nop
mul
xor
mov
mov
nop
imul
mul
imul
nop
mov
mul
mov
mov
popf
mov
xchg
xchg
mov
xchg
mov
mov
jmp
mov
push
push
call
pop
pop
mov
mov
xchg
xchg
mov
pushf
mov
nop
xor
mul
mul
imul
mov
nop
nop
xor
mul
mov
mul
xor
nop
mul
xor
mov
mov
nop
imul
mul
imul
nop
mov
mul
mov
mov
popf
mov
xchg
xchg
mov
xchg
mov
mov
mov
mov
mov
xchg
xchg
mov
pushf
mov
nop
xor
mul
mul
imul
mov
nop
nop
xor
mul
mov
mul
xor
nop
mul
xor
mov
mov
nop
imul
mul
imul
nop
mov
mul
mov
mov
popf
mov
xchg
xchg
mov
xchg
mov
mov
cmp
inc
mov
cmp
mov
mov
xchg
xchg
mov
pushf
mov
nop
xor
mul
mul
imul
mov
nop
nop
xor
mul
mov
mul
xor
nop
mul
xor
mov
mov
nop
imul
mul
imul
nop
mov
mul
mov
mov
popf
mov
xchg
xchg
mov
xchg
mov
mov
push
push
push
call
add
cmp
push
jmp
mov
push
call
pop
mov
mov
mov
xchg
xchg
mov
pushf
mov
nop
xor
mul
mul
imul
mov
nop
nop
xor
mul
mov
mul
xor
nop
mul
xor
mov
mov
nop
imul
mul
imul
nop
mov
mul
mov
mov
popf
mov
xchg
xchg
mov
xchg
mov
mov
push
call
pop
mov
mov
mov
xchg
xchg
mov
pushf
mov
nop
xor
mul
mul
imul
mov
nop
nop
xor
mul
mov
mul
xor
nop
mul
xor
mov
mov
nop
imul
mul
imul
nop
mov
mul
mov
mov
popf
mov
xchg
xchg
mov
xchg
mov
mov
mov
mov
mov
xchg
xchg
mov
pushf
mov
nop
xor
mul
mul
imul
mov
nop
nop
xor
mul
mov
mul
xor
nop
mul
xor
mov
mov
nop
imul
mul
imul
nop
mov
mul
mov
mov
popf
mov
xchg
xchg
mov
xchg
mov
mov
push
push
push
call
add
mov
mov
xchg
xchg
mov
pushf
mov
nop
xor
mul
mul
imul
mov
nop
nop
xor
mul
mov
mul
xor
nop
mul
xor
mov
mov
nop
imul
mul
imul
nop
mov
mul
mov
mov
popf
mov
xchg
xchg
mov
xchg
mov
mov
push
push
lea
push
push
push
push
call
mov
mov
mov
xchg
xchg
mov
pushf
mov
nop
xor
mul
mul
imul
mov
nop
nop
xor
mul
mov
mul
xor
nop
mul
xor
mov
mov
nop
imul
mul
imul
nop
mov
mul
mov
mov
popf
mov
xchg
xchg
mov
xchg
mov
mov
cmp
mov
mov
mov
mov
mov
xchg
xchg
mov
pushf
mov
nop
xor
mul
mul
imul
mov
nop
nop
xor
mul
mov
mul
xor
nop
mul
xor
mov
mov
nop
imul
mul
imul
nop
mov
mul
mov
mov
popf
mov
xchg
xchg
mov
xchg
mov
mov
mov
mov
mov
xchg
xchg
mov
pushf
mov
nop
xor
mul
mul
imul
mov
nop
nop
xor
mul
mov
mul
xor
nop
mul
xor
mov
mov
nop
imul
mul
imul
nop
mov
mul
mov
mov
popf
mov
xchg
xchg
mov
xchg
mov
mov
mov
push
lea
push
push
push
call
test
add
push
push
call
mov
mov
xchg
xchg
mov
pushf
mov
nop
xor
mul
mul
imul
mov
nop
nop
xor
mul
mov
mul
xor
nop
mul
xor
mov
mov
nop
imul
mul
imul
nop
mov
mul
mov
mov
popf
mov
xchg
xchg
mov
xchg
mov
mov
mov
mov
xchg
xchg
mov
pushf
mov
nop
xor
mul
mul
imul
mov
nop
nop
xor
mul
mov
mul
xor
nop
mul
xor
mov
mov
nop
imul
mul
imul
nop
mov
mul
mov
mov
popf
mov
xchg
xchg
mov
xchg
mov
mov
push
push
lea
push
push
push
push
call
mov
mov
mov
xchg
xchg
mov
pushf
mov
nop
xor
mul
mul
imul
mov
nop
nop
xor
mul
mov
mul
xor
nop
mul
xor
mov
mov
nop
imul
mul
imul
nop
mov
mul
mov
mov
popf
mov
xchg
xchg
mov
xchg
mov
mov
cmp
mov
mov
mov
mov
mov
xchg
xchg
mov
pushf
mov
nop
xor
mul
mul
imul
mov
nop
nop
xor
mul
mov
mul
xor
nop
mul
xor
mov
mov
nop
imul
mul
imul
nop
mov
mul
mov
mov
popf
mov
xchg
xchg
mov
xchg
mov
mov
mov
mov
mov
xchg
xchg
mov
pushf
mov
nop
xor
mul
mul
imul
mov
nop
nop
xor
mul
mov
mul
xor
nop
mul
xor
mov
mov
nop
imul
mul
imul
nop
mov
mul
mov
mov
popf
mov
xchg
xchg
mov
xchg
mov
mov
mov
push
lea
push
push
push
call
test
mov
add
push
add
push
call
mov
mov
xchg
xchg
mov
pushf
mov
nop
xor
mul
mul
imul
mov
nop
nop
xor
mul
mov
mul
xor
nop
mul
xor
mov
mov
nop
imul
mul
imul
nop
mov
mul
mov
mov
popf
mov
xchg
xchg
mov
xchg
mov
mov
mov
mov
xchg
xchg
mov
pushf
mov
nop
xor
mul
mul
imul
mov
nop
nop
xor
mul
mov
mul
xor
nop
mul
xor
mov
mov
nop
imul
mul
imul
nop
mov
mul
mov
mov
popf
mov
xchg
xchg
mov
xchg
mov
mov
mov
push
xor
push
push
mov
call
mov
add
push
push
lea
push
push
push
push
call
cmp
mov
mov
push
lea
push
push
mov
push
call
test
mov
add
push
push
call
push
push
push
mov
call
add
push
push
lea
push
push
push
push
call
cmp
mov
mov
mov
push
lea
push
push
push
mov
call
test
add
push
push
call
cmp
push
call
pop
mov
mov
xchg
xchg
mov
pushf
mov
nop
xor
mul
mul
imul
mov
nop
nop
xor
mul
mov
mul
xor
nop
mul
xor
mov
mov
nop
imul
mul
imul
nop
mov
mul
mov
mov
popf
mov
xchg
xchg
mov
xchg
mov
mov
cmp
push
call
pop
mov
mov
xchg
xchg
mov
pushf
mov
nop
xor
mul
mul
imul
mov
nop
nop
xor
mul
mov
mul
xor
nop
mul
xor
mov
mov
nop
imul
mul
imul
nop
mov
mul
mov
mov
popf
mov
xchg
xchg
mov
xchg
mov
mov
xor
cmp
push
call
pop
mov
push
push
push
push
push
call
mov
mov
xchg
xchg
mov
pushf
mov
nop
xor
mul
mul
imul
mov
nop
nop
xor
mul
mov
mul
xor
nop
mul
xor
mov
mov
nop
imul
mul
imul
nop
mov
mul
mov
mov
popf
mov
xchg
xchg
mov
xchg
mov
mov
xor
push
push
push
push
push
mov
call
test
jge
mov
mov
xchg
xchg
mov
pushf
mov
nop
xor
mul
mul
imul
mov
nop
nop
xor
mul
mov
mul
xor
nop
mul
xor
mov
mov
nop
imul
mul
imul
nop
mov
mul
mov
mov
popf
mov
xchg
xchg
mov
xchg
mov
mov
push
push
call
pop
pop
mov
mov
xchg
xchg
mov
pushf
mov
nop
xor
mul
mul
imul
mov
nop
nop
xor
mul
mov
mul
xor
nop
mul
xor
mov
mov
nop
imul
mul
imul
nop
mov
mul
mov
mov
popf
mov
xchg
xchg
mov
xchg
mov
mov
push
jmp
push
push
call
pop
pop
mov
mov
xchg
xchg
mov
pushf
mov
nop
xor
mul
mul
imul
mov
nop
nop
xor
mul
mov
mul
xor
nop
mul
xor
mov
mov
nop
imul
mul
imul
nop
mov
mul
mov
mov
popf
mov
xchg
xchg
mov
xchg
mov
mov
mov
mov
mov
mov
xchg
xchg
mov
pushf
mov
nop
xor
mul
mul
imul
mov
nop
nop
xor
mul
mov
mul
xor
nop
mul
xor
mov
mov
nop
imul
mul
imul
nop
mov
mul
mov
mov
popf
mov
xchg
xchg
mov
xchg
mov
mov
mov
jmp
inc
mov
cmp
push
call
push
push
push
call
add
mov
mov
xchg
xchg
mov
pushf
mov
nop
xor
mul
mul
imul
mov
nop
nop
xor
mul
mov
mul
xor
nop
mul
xor
mov
mov
nop
imul
mul
imul
nop
mov
mul
mov
mov
popf
mov
xchg
xchg
mov
xchg
mov
mov
mov
mov
mov
push
call
test
mov
mov
xchg
xchg
mov
pushf
mov
nop
xor
mul
mul
imul
mov
nop
nop
xor
mul
mov
mul
xor
nop
mul
xor
mov
mov
nop
imul
mul
imul
nop
mov
mul
mov
mov
popf
mov
xchg
xchg
mov
xchg
mov
mov
push
push
call
pop
pop
mov
mov
xchg
xchg
mov
pushf
mov
nop
xor
mul
mul
imul
mov
nop
nop
xor
mul
mov
mul
xor
nop
mul
xor
mov
mov
nop
imul
mul
imul
nop
mov
mul
mov
mov
popf
mov
xchg
xchg
mov
xchg
mov
mov
jmp
push
mov
push
call
push
push
call
push
push
call
push
push
call
add
mov
mov
xchg
xchg
mov
pushf
mov
nop
xor
mul
mul
imul
mov
nop
nop
xor
mul
mov
mul
xor
nop
mul
xor
mov
mov
nop
imul
mul
imul
nop
mov
mul
mov
mov
popf
mov
xchg
xchg
mov
xchg
mov
mov
mov
push
mov
push
call
push
mov
push
call
push
push
call
pop
pop
push
push
call
push
push
call
test
push
push
call
pop
pop
mov
mov
xchg
xchg
mov
pushf
mov
nop
xor
mul
mul
imul
mov
nop
nop
xor
mul
mov
mul
xor
nop
mul
xor
mov
mov
nop
imul
mul
imul
nop
mov
mul
mov
mov
popf
mov
xchg
xchg
mov
xchg
mov
mov
jmp
mov
mov
push
push
call
mov
mov
xchg
xchg
mov
pushf
mov
nop
xor
mul
mul
imul
mov
nop
nop
xor
mul
mov
mul
xor
nop
mul
xor
mov
mov
nop
imul
mul
imul
nop
mov
mul
mov
mov
popf
mov
xchg
xchg
mov
xchg
mov
mov
mov
mov
push
mov
call
test
mov
push
push
mov
call
mov
mov
xchg
xchg
mov
pushf
mov
nop
xor
mul
mul
imul
mov
nop
nop
xor
mul
mov
mul
xor
nop
mul
xor
mov
mov
nop
imul
mul
imul
nop
mov
mul
mov
mov
popf
mov
xchg
xchg
mov
xchg
mov
mov
push
call
xor
mov
mov
mov
xchg
xchg
mov
pushf
mov
nop
xor
mul
mul
imul
mov
nop
nop
xor
mul
mov
mul
xor
nop
mul
xor
mov
mov
nop
imul
mul
imul
nop
mov
mul
mov
mov
popf
mov
xchg
xchg
mov
xchg
mov
mov
push
mov
push
call
push
push
call
push
push
call
push
push
call
add
push
call
xor
push
push
push
push
push
push
push
call
mov
mov
mov
xchg
xchg
mov
pushf
mov
nop
xor
mul
mul
imul
mov
nop
nop
xor
mul
mov
mul
xor
nop
mul
xor
mov
mov
nop
imul
mul
imul
nop
mov
mul
mov
mov
popf
mov
xchg
xchg
mov
xchg
mov
mov
cmp
call
mov
mov
mov
mov
xchg
xchg
mov
pushf
mov
nop
xor
mul
mul
imul
mov
nop
nop
xor
mul
mov
mul
xor
nop
mul
xor
mov
mov
nop
imul
mul
imul
nop
mov
mul
mov
mov
popf
mov
xchg
xchg
mov
xchg
mov
mov
push
push
call
pop
pop
mov
mov
xchg
xchg
mov
pushf
mov
nop
xor
mul
mul
imul
mov
nop
nop
xor
mul
mov
mul
xor
nop
mul
xor
mov
mov
nop
imul
mul
imul
nop
mov
mul
mov
mov
popf
mov
xchg
xchg
mov
xchg
mov
mov
push
jmp
push
push
call
pop
pop
mov
mov
xchg
xchg
mov
pushf
mov
nop
xor
mul
mul
imul
mov
nop
nop
xor
mul
mov
mul
xor
nop
mul
xor
mov
mov
nop
imul
mul
imul
nop
mov
mul
mov
mov
popf
mov
xchg
xchg
mov
xchg
mov
mov
mov
mov
push
call
test
call
mov
mov
mov
mov
xchg
xchg
mov
pushf
mov
nop
xor
mul
mul
imul
mov
nop
nop
xor
mul
mov
mul
xor
nop
mul
xor
mov
mov
nop
imul
mul
imul
nop
mov
mul
mov
mov
popf
mov
xchg
xchg
mov
xchg
mov
mov
push
push
call
pop
pop
mov
mov
xchg
xchg
mov
pushf
mov
nop
xor
mul
mul
imul
mov
nop
nop
xor
mul
mov
mul
xor
nop
mul
xor
mov
mov
nop
imul
mul
imul
nop
mov
mul
mov
mov
popf
mov
xchg
xchg
mov
xchg
mov
mov
jmp
push
push
call
cmp
pop
pop
jbe
mov
cmp
cmp
add
sub
mov
push
lea
push
push
push
push
call
test
call
mov
mov
mov
mov
xchg
xchg
mov
pushf
mov
nop
xor
mul
mul
imul
mov
nop
nop
xor
mul
mov
mul
xor
nop
mul
xor
mov
mov
nop
imul
mul
imul
nop
mov
mul
mov
mov
popf
mov
xchg
xchg
mov
xchg
mov
mov
push
call
mov
mov
xchg
xchg
mov
pushf
mov
nop
xor
mul
mul
imul
mov
nop
nop
xor
mul
mov
mul
xor
nop
mul
xor
mov
mov
nop
imul
mul
imul
nop
mov
mul
mov
mov
popf
mov
xchg
xchg
mov
xchg
mov
mov
push
push
call
pop
pop
mov
mov
xchg
xchg
mov
pushf
mov
nop
xor
mul
mul
imul
mov
nop
nop
xor
mul
mov
mul
xor
nop
mul
xor
mov
mov
nop
imul
mul
imul
nop
mov
mul
mov
mov
popf
mov
xchg
xchg
mov
xchg
mov
mov
jmp
push
push
call
pop
pop
mov
mov
xchg
xchg
mov
pushf
mov
nop
xor
mul
mul
imul
mov
nop
nop
xor
mul
mov
mul
xor
nop
mul
xor
mov
mov
nop
imul
mul
imul
nop
mov
mul
mov
mov
popf
mov
xchg
xchg
mov
xchg
mov
mov
mov
mov
push
call
test
call
mov
mov
mov
mov
xchg
xchg
mov
pushf
mov
nop
xor
mul
mul
imul
mov
nop
nop
xor
mul
mov
mul
xor
nop
mul
xor
mov
mov
nop
imul
mul
imul
nop
mov
mul
mov
mov
popf
mov
xchg
xchg
mov
xchg
mov
mov
push
push
call
pop
pop
mov
mov
xchg
xchg
mov
pushf
mov
nop
xor
mul
mul
imul
mov
nop
nop
xor
mul
mov
mul
xor
nop
mul
xor
mov
mov
nop
imul
mul
imul
nop
mov
mul
mov
mov
popf
mov
xchg
xchg
mov
xchg
mov
mov
jmp
push
push
call
pop
pop
mov
mov
xchg
xchg
mov
pushf
mov
nop
xor
mul
mul
imul
mov
nop
nop
xor
mul
mov
mul
xor
nop
mul
xor
mov
mov
nop
imul
mul
imul
nop
mov
mul
mov
mov
popf
mov
xchg
xchg
mov
xchg
mov
mov
push
call
test
call
mov
mov
mov
mov
xchg
xchg
mov
pushf
mov
nop
xor
mul
mul
imul
mov
nop
nop
xor
mul
mov
mul
xor
nop
mul
xor
mov
mov
nop
imul
mul
imul
nop
mov
mul
mov
mov
popf
mov
xchg
xchg
mov
xchg
mov
mov
push
push
call
pop
pop
mov
mov
xchg
xchg
mov
pushf
mov
nop
xor
mul
mul
imul
mov
nop
nop
xor
mul
mov
mul
xor
nop
mul
xor
mov
mov
nop
imul
mul
imul
nop
mov
mul
mov
mov
popf
mov
xchg
xchg
mov
xchg
mov
mov
jmp
push
push
call
pop
pop
mov
mov
xchg
xchg
mov
pushf
mov
nop
xor
mul
mul
imul
mov
nop
nop
xor
mul
mov
mul
xor
nop
mul
xor
mov
mov
nop
imul
mul
imul
nop
mov
mul
mov
mov
popf
mov
xchg
xchg
mov
xchg
mov
mov
mov
mov
push
call
test
mov
mov
xchg
xchg
mov
pushf
mov
nop
xor
mul
mul
imul
mov
nop
nop
xor
mul
mov
mul
xor
nop
mul
xor
mov
mov
nop
imul
mul
imul
nop
mov
mul
mov
mov
popf
mov
xchg
xchg
mov
xchg
mov
mov
call
mov
mov
mov
mov
xchg
xchg
mov
pushf
mov
nop
xor
mul
mul
imul
mov
nop
nop
xor
mul
mov
mul
xor
nop
mul
xor
mov
mov
nop
imul
mul
imul
nop
mov
mul
mov
mov
popf
mov
xchg
xchg
mov
xchg
mov
mov
push
push
call
pop
pop
mov
mov
xchg
xchg
mov
pushf
mov
nop
xor
mul
mul
imul
mov
nop
nop
xor
mul
mov
mul
xor
nop
mul
xor
mov
mov
nop
imul
mul
imul
nop
mov
mul
mov
mov
popf
mov
xchg
xchg
mov
xchg
mov
mov
jmp
push
push
call
pop
pop
mov
mov
xchg
xchg
mov
pushf
mov
nop
xor
mul
mul
imul
mov
nop
nop
xor
mul
mov
mul
xor
nop
mul
xor
mov
mov
nop
imul
mul
imul
nop
mov
mul
mov
mov
popf
mov
xchg
xchg
mov
xchg
mov
mov
mov
push
call
push
push
call
push
push
call
xor
pop
pop
pop
pop
add
push
mov
sub
mov
xor
mov
cmp
mov
push
push
mov
call
push
mov
call
mov
mov
push
push
call
push
push
mov
call
push
push
mov
call
push
pop
mov
lea
rep
lea
mov
mov
push
mov
movsb
call
push
call
movzx
test
push
call
cmp
mov
call
test
lea
push
call
mov
mov
mov
call
test
push
call
push
call
mov
lea
push
mov
call
push
call
movzx
test
push
call
pop
pop
mov
xor
call
leave
push
and
push
push
push
push
mov
call
mov
mov
mov
xchg
xchg
mov
pushf
mov
nop
xor
mul
mul
imul
mov
nop
nop
xor
mul
mov
mul
xor
nop
mul
xor
mov
mov
nop
imul
mul
imul
nop
mov
mul
mov
mov
popf
mov
xchg
xchg
mov
xchg
mov
mov
test
mov
mov
xchg
xchg
mov
pushf
mov
nop
xor
mul
mul
imul
mov
nop
nop
xor
mul
mov
mul
xor
nop
mul
xor
mov
mov
nop
imul
mul
imul
nop
mov
mul
mov
mov
popf
mov
xchg
xchg
mov
xchg
mov
mov
mov
mov
mov
xchg
xchg
mov
pushf
mov
nop
xor
mul
mul
imul
mov
nop
nop
xor
mul
mov
mul
xor
nop
mul
xor
mov
mov
nop
imul
mul
imul
nop
mov
mul
mov
mov
popf
mov
xchg
xchg
mov
xchg
mov
mov
mov
pop
pop
pop
pop
pop
push
mov
sub
mov
xor
mov
mov
and
mov
mov
mov
mov
mov
mov
push
mov
mov
push
push
mov
mov
mov
mov
xchg
xchg
mov
pushf
mov
nop
xor
mul
mul
imul
mov
nop
nop
xor
mul
mov
mul
xor
nop
mul
xor
mov
mov
nop
imul
mul
imul
nop
mov
mul
mov
mov
popf
mov
xchg
xchg
mov
xchg
mov
mov
push
lea
push
push
call
add
mov
mov
xchg
xchg
mov
pushf
mov
nop
xor
mul
mul
imul
mov
nop
nop
xor
mul
mov
mul
xor
nop
mul
xor
mov
mov
nop
imul
mul
imul
nop
mov
mul
mov
mov
popf
mov
xchg
xchg
mov
xchg
mov
mov
mov
mov
mov
xchg
xchg
mov
pushf
mov
nop
xor
mul
mul
imul
mov
nop
nop
xor
mul
mov
mul
xor
nop
mul
xor
mov
mov
nop
imul
mul
imul
nop
mov
mul
mov
mov
popf
mov
xchg
xchg
mov
xchg
mov
mov
xor
lea
stosd
stosd
stosd
stosd
mov
mov
xchg
xchg
mov
pushf
mov
nop
xor
mul
mul
imul
mov
nop
nop
xor
mul
mov
mul
xor
nop
mul
xor
mov
mov
nop
imul
mul
imul
nop
mov
mul
mov
mov
popf
mov
xchg
xchg
mov
xchg
mov
mov
mov
push
lea
push
push
call
push
lea
push
push
call
add
push
pop
mov
lea
rep
movsw
mov
lea
movsd
movsw
push
pop
mov
lea
rep
movsw
mov
lea
movsd
movsd
movsw
mov
mov
xchg
xchg
mov
pushf
mov
nop
xor
mul
mul
imul
mov
nop
nop
xor
mul
mov
mul
xor
nop
mul
xor
mov
mov
nop
imul
mul
imul
nop
mov
mul
mov
mov
popf
mov
xchg
xchg
mov
xchg
mov
mov
push
lea
push
push
call
add
mov
mov
xchg
xchg
mov
pushf
mov
nop
xor
mul
mul
imul
mov
nop
nop
xor
mul
mov
mul
xor
nop
mul
xor
mov
mov
nop
imul
mul
imul
nop
mov
mul
mov
mov
popf
mov
xchg
xchg
mov
xchg
mov
mov
mov
mov
lea
push
call
push
lea
push
call
pop
pop
mov
mov
xchg
xchg
mov
pushf
mov
nop
xor
mul
mul
imul
mov
nop
nop
xor
mul
mov
mul
xor
nop
mul
xor
mov
mov
nop
imul
mul
imul
nop
mov
mul
mov
mov
popf
mov
xchg
xchg
mov
xchg
mov
mov
cmp
mov
mov
xchg
xchg
mov
pushf
mov
nop
xor
mul
mul
imul
mov
nop
nop
xor
mul
mov
mul
xor
nop
mul
xor
mov
mov
nop
imul
mul
imul
nop
mov
mul
mov
mov
popf
mov
xchg
xchg
mov
xchg
mov
mov
and
mov
mov
xchg
xchg
mov
pushf
mov
nop
xor
mul
mul
imul
mov
nop
nop
xor
mul
mov
mul
xor
nop
mul
xor
mov
mov
nop
imul
mul
imul
nop
mov
mul
mov
mov
popf
mov
xchg
xchg
mov
xchg
mov
mov
mov
mov
lea
push
push
call
inc
push
push
mov
call
cmp
mov
mov
xchg
xchg
mov
pushf
mov
nop
xor
mul
mul
imul
mov
nop
nop
xor
mul
mov
mul
xor
nop
mul
xor
mov
mov
nop
imul
mul
imul
nop
mov
mul
mov
mov
popf
mov
xchg
xchg
mov
xchg
mov
mov
push
lea
push
call
pop
pop
mov
mov
xchg
xchg
mov
pushf
mov
nop
xor
mul
mul
imul
mov
nop
nop
xor
mul
mov
mul
xor
nop
mul
xor
mov
mov
nop
imul
mul
imul
nop
mov
mul
mov
mov
popf
mov
xchg
xchg
mov
xchg
mov
mov
mov
mov
lea
push
call
push
lea
push
call
pop
pop
mov
mov
xchg
xchg
mov
pushf
mov
nop
xor
mul
mul
imul
mov
nop
nop
xor
mul
mov
mul
xor
nop
mul
xor
mov
mov
nop
imul
mul
imul
nop
mov
mul
mov
mov
popf
mov
xchg
xchg
mov
xchg
mov
mov
cmp
mov
mov
xchg
xchg
mov
pushf
mov
nop
xor
mul
mul
imul
mov
nop
nop
xor
mul
mov
mul
xor
nop
mul
xor
mov
mov
nop
imul
mul
imul
nop
mov
mul
mov
mov
popf
mov
xchg
xchg
mov
xchg
mov
mov
and
mov
mov
xchg
xchg
mov
pushf
mov
nop
xor
mul
mul
imul
mov
nop
nop
xor
mul
mov
mul
xor
nop
mul
xor
mov
mov
nop
imul
mul
imul
nop
mov
mul
mov
mov
popf
mov
xchg
xchg
mov
xchg
mov
mov
mov
mov
lea
push
push
call
inc
push
push
mov
call
mov
mov
xchg
xchg
mov
pushf
mov
nop
xor
mul
mul
imul
mov
nop
nop
xor
mul
mov
mul
xor
nop
mul
xor
mov
mov
nop
imul
mul
imul
nop
mov
mul
mov
mov
popf
mov
xchg
xchg
mov
xchg
mov
mov
cmp
mov
mov
xchg
xchg
mov
pushf
mov
nop
xor
mul
mul
imul
mov
nop
nop
xor
mul
mov
mul
xor
nop
mul
xor
mov
mov
nop
imul
mul
imul
nop
mov
mul
mov
mov
popf
mov
xchg
xchg
mov
xchg
mov
mov
push
lea
push
call
pop
pop
mov
mov
xchg
xchg
mov
pushf
mov
nop
xor
mul
mul
imul
mov
nop
nop
xor
mul
mov
mul
xor
nop
mul
xor
mov
mov
nop
imul
mul
imul
nop
mov
mul
mov
mov
popf
mov
xchg
xchg
mov
xchg
mov
mov
mov
push
mov
call
push
lea
push
call
pop
pop
mov
mov
xchg
xchg
mov
pushf
mov
nop
xor
mul
mul
imul
mov
nop
nop
xor
mul
mov
mul
xor
nop
mul
xor
mov
mov
nop
imul
mul
imul
nop
mov
mul
mov
mov
popf
mov
xchg
xchg
mov
xchg
mov
mov
mov
mov
lea
push
call
push
lea
push
call
pop
pop
mov
mov
xchg
xchg
mov
pushf
mov
nop
xor
mul
mul
imul
mov
nop
nop
xor
mul
mov
mul
xor
nop
mul
xor
mov
mov
nop
imul
mul
imul
nop
mov
mul
mov
mov
popf
mov
xchg
xchg
mov
xchg
mov
mov
mov
mov
lea
push
mov
call
push
lea
push
call
cmp
pop
pop
mov
mov
xchg
xchg
mov
pushf
mov
nop
xor
mul
mul
imul
mov
nop
nop
xor
mul
mov
mul
xor
nop
mul
xor
mov
mov
nop
imul
mul
imul
nop
mov
mul
mov
mov
popf
mov
xchg
xchg
mov
xchg
mov
mov
and
mov
mov
xchg
xchg
mov
pushf
mov
nop
xor
mul
mul
imul
mov
nop
nop
xor
mul
mov
mul
xor
nop
mul
xor
mov
mov
nop
imul
mul
imul
nop
mov
mul
mov
mov
popf
mov
xchg
xchg
mov
xchg
mov
mov
mov
mov
lea
push
push
call
inc
push
push
mov
call
cmp
mov
mov
xchg
xchg
mov
pushf
mov
nop
xor
mul
mul
imul
mov
nop
nop
xor
mul
mov
mul
xor
nop
mul
xor
mov
mov
nop
imul
mul
imul
nop
mov
mul
mov
mov
popf
mov
xchg
xchg
mov
xchg
mov
mov
lea
lea
mov
inc
inc
test
sub
sar
mov
mov
lea
mov
inc
inc
test
sub
sar
lea
xor
push
pop
mov
mul
seto
neg
or
push
call
mov
pop
test
lea
push
push
push
call
push
lea
push
push
call
lea
push
push
call
push
call
add
mov
mov
xchg
xchg
mov
pushf
mov
nop
xor
mul
mul
imul
mov
nop
nop
xor
mul
mov
mul
xor
nop
mul
xor
mov
mov
nop
imul
mul
imul
nop
mov
mul
mov
mov
popf
mov
xchg
xchg
mov
xchg
mov
mov
mov
mov
lea
push
mov
call
push
lea
push
call
pop
lea
pop
push
mov
call
test
jle
mov
mov
xchg
xchg
mov
pushf
mov
nop
xor
mul
mul
imul
mov
nop
nop
xor
mul
mov
mul
xor
nop
mul
xor
mov
mov
nop
imul
mul
imul
nop
mov
mul
mov
mov
popf
mov
xchg
xchg
mov
xchg
mov
mov
and
mov
mov
xchg
xchg
mov
pushf
mov
nop
xor
mul
mul
imul
mov
nop
nop
xor
mul
mov
mul
xor
nop
mul
xor
mov
mov
nop
imul
mul
imul
nop
mov
mul
mov
mov
popf
mov
xchg
xchg
mov
xchg
mov
mov
mov
mov
lea
push
push
call
inc
push
push
mov
call
cmp
push
lea
push
call
pop
pop
lea
push
lea
push
call
mov
mov
xchg
xchg
mov
pushf
mov
nop
xor
mul
mul
imul
mov
nop
nop
xor
mul
mov
mul
xor
nop
mul
xor
mov
mov
nop
imul
mul
imul
nop
mov
mul
mov
mov
popf
mov
xchg
xchg
mov
xchg
mov
mov
lea
push
lea
push
xor
push
push
push
push
push
push
lea
push
lea
push
call
test
mov
mov
xchg
xchg
mov
pushf
mov
nop
xor
mul
mul
imul
mov
nop
nop
xor
mul
mov
mul
xor
nop
mul
xor
mov
mov
nop
imul
mul
imul
nop
mov
mul
mov
mov
popf
mov
xchg
xchg
mov
xchg
mov
mov
push
call
mov
mov
xchg
xchg
mov
pushf
mov
nop
xor
mul
mul
imul
mov
nop
nop
xor
mul
mov
mul
xor
nop
mul
xor
mov
mov
nop
imul
mul
imul
nop
mov
mul
mov
mov
popf
mov
xchg
xchg
mov
xchg
mov
mov
push
call
jmp
mov
mov
xchg
xchg
mov
pushf
mov
nop
xor
mul
mul
imul
mov
nop
nop
xor
mul
mov
mul
xor
nop
mul
xor
mov
mov
nop
imul
mul
imul
nop
mov
mul
mov
mov
popf
mov
xchg
xchg
mov
xchg
mov
mov
call
mov
mov
xor
cmp
dec
and
add
mov
mov
mov
xchg
xchg
mov
pushf
mov
nop
xor
mul
mul
imul
mov
nop
nop
xor
mul
mov
mul
xor
nop
mul
xor
mov
mov
nop
imul
mul
imul
nop
mov
mul
mov
mov
popf
mov
xchg
xchg
mov
xchg
mov
mov
mov
mov
pop
pop
xor
pop
call
leave
sub
mov
xor
mov
push
push
push
push
mov
mov
xchg
xchg
mov
pushf
mov
nop
xor
mul
mul
imul
mov
nop
nop
xor
mul
mov
mul
xor
nop
mul
xor
mov
mov
nop
imul
mul
imul
nop
mov
mul
mov
mov
popf
mov
xchg
xchg
mov
xchg
mov
mov
mov
mov
xchg
xchg
mov
pushf
mov
nop
xor
mul
mul
imul
mov
nop
nop
xor
mul
mov
mul
xor
nop
mul
xor
mov
mov
nop
imul
mul
imul
nop
mov
mul
mov
mov
popf
mov
xchg
xchg
mov
xchg
mov
mov
cmp
mov
test
mov
mov
mov
xchg
xchg
mov
pushf
mov
nop
xor
mul
mul
imul
mov
nop
nop
xor
mul
mov
mul
xor
nop
mul
xor
mov
mov
nop
imul
mul
imul
nop
mov
mul
mov
mov
popf
mov
xchg
xchg
mov
xchg
mov
mov
lea
push
call
mov
mov
xchg
xchg
mov
pushf
mov
nop
xor
mul
mul
imul
mov
nop
nop
xor
mul
mov
mul
xor
nop
mul
xor
mov
mov
nop
imul
mul
imul
nop
mov
mul
mov
mov
popf
mov
xchg
xchg
mov
xchg
mov
mov
push
push
push
call
mov
mov
xchg
xchg
mov
pushf
mov
nop
xor
mul
mul
imul
mov
nop
nop
xor
mul
mov
mul
xor
nop
mul
xor
mov
mov
nop
imul
mul
imul
nop
mov
mul
mov
mov
popf
mov
xchg
xchg
mov
xchg
mov
mov
push
call
sub
mov
mov
xchg
xchg
mov
pushf
mov
nop
xor
mul
mul
imul
mov
nop
nop
xor
mul
mov
mul
xor
nop
mul
xor
mov
mov
nop
imul
mul
imul
nop
mov
mul
mov
mov
popf
mov
xchg
xchg
mov
xchg
mov
mov
test
jg
push
call
jmp
mov
mov
xchg
xchg
mov
pushf
mov
nop
xor
mul
mul
imul
mov
nop
nop
xor
mul
mov
mul
xor
nop
mul
xor
mov
mov
nop
imul
mul
imul
nop
mov
mul
mov
mov
popf
mov
xchg
xchg
mov
xchg
mov
mov
xor
lea
stosd
stosd
stosd
stosd
mov
mov
xchg
xchg
mov
pushf
mov
nop
xor
mul
mul
imul
mov
nop
nop
xor
mul
mov
mul
xor
nop
mul
xor
mov
mov
nop
imul
mul
imul
nop
mov
mul
mov
mov
popf
mov
xchg
xchg
mov
xchg
mov
mov
push
lea
push
push
push
call
add
mov
mov
xchg
xchg
mov
pushf
mov
nop
xor
mul
mul
imul
mov
nop
nop
xor
mul
mov
mul
xor
nop
mul
xor
mov
mov
nop
imul
mul
imul
nop
mov
mul
mov
mov
popf
mov
xchg
xchg
mov
xchg
mov
mov
mov
mov
xchg
xchg
mov
pushf
mov
nop
xor
mul
mul
imul
mov
nop
nop
xor
mul
mov
mul
xor
nop
mul
xor
mov
mov
nop
imul
mul
imul
nop
mov
mul
mov
mov
popf
mov
xchg
xchg
mov
xchg
mov
mov
lea
push
push
call
pop
pop
mov
mov
xchg
xchg
mov
pushf
mov
nop
xor
mul
mul
imul
mov
nop
nop
xor
mul
mov
mul
xor
nop
mul
xor
mov
mov
nop
imul
mul
imul
nop
mov
mul
mov
mov
popf
mov
xchg
xchg
mov
xchg
mov
mov
mov
mov
push
lea
push
push
call
add
push
call
push
call
jmp
xor
mov
pop
pop
pop
pop
xor
call
add
push
push
push
push
push
call
pop
pop
mov
mov
xchg
xchg
mov
pushf
mov
nop
xor
mul
mul
imul
mov
nop
nop
xor
mul
mov
mul
xor
nop
mul
xor
mov
mov
nop
imul
mul
imul
nop
mov
mul
mov
mov
popf
mov
xchg
xchg
mov
xchg
mov
mov
push
push
call
pop
pop
mov
mov
xchg
xchg
mov
pushf
mov
nop
xor
mul
mul
imul
mov
nop
nop
xor
mul
mov
mul
xor
nop
mul
xor
mov
mov
nop
imul
mul
imul
nop
mov
mul
mov
mov
popf
mov
xchg
xchg
mov
xchg
mov
mov
pop
xor
pop
inc
pop
mov
call
mov
xor
mov
xor
push
push
mov
push
mov
mov
mov
mov
mov
mov
mov
push
mov
call
mov
mov
mov
xchg
xchg
mov
pushf
mov
nop
xor
mul
mul
imul
mov
nop
nop
xor
mul
mov
mul
xor
nop
mul
xor
mov
mov
nop
imul
mul
imul
nop
mov
mul
mov
mov
popf
mov
xchg
xchg
mov
xchg
mov
mov
mov
mov
xchg
xchg
mov
pushf
mov
nop
xor
mul
mul
imul
mov
nop
nop
xor
mul
mov
mul
xor
nop
mul
xor
mov
mov
nop
imul
mul
imul
nop
mov
mul
mov
mov
popf
mov
xchg
xchg
mov
xchg
mov
mov
push
push
push
call
add
mov
mov
xchg
xchg
mov
pushf
mov
nop
xor
mul
mul
imul
mov
nop
nop
xor
mul
mov
mul
xor
nop
mul
xor
mov
mov
nop
imul
mul
imul
nop
mov
mul
mov
mov
popf
mov
xchg
xchg
mov
xchg
mov
mov
mov
mov
mov
xchg
xchg
mov
pushf
mov
nop
xor
mul
mul
imul
mov
nop
nop
xor
mul
mov
mul
xor
nop
mul
xor
mov
mov
nop
imul
mul
imul
nop
mov
mul
mov
mov
popf
mov
xchg
xchg
mov
xchg
mov
mov
mov
mov
xchg
xchg
mov
pushf
mov
nop
xor
mul
mul
imul
mov
nop
nop
xor
mul
mov
mul
xor
nop
mul
xor
mov
mov
nop
imul
mul
imul
nop
mov
mul
mov
mov
popf
mov
xchg
xchg
mov
xchg
mov
mov
mov
call
mov
mov
call
mov
test
mov
mov
xchg
xchg
mov
pushf
mov
nop
xor
mul
mul
imul
mov
nop
nop
xor
mul
mov
mul
xor
nop
mul
xor
mov
mov
nop
imul
mul
imul
nop
mov
mul
mov
mov
popf
mov
xchg
xchg
mov
xchg
mov
mov
mov
push
lea
push
push
call
add
dec
mov
mov
xchg
xchg
mov
pushf
mov
nop
xor
mul
mul
imul
mov
nop
nop
xor
mul
mov
mul
xor
nop
mul
xor
mov
mov
nop
imul
mul
imul
nop
mov
mul
mov
mov
popf
mov
xchg
xchg
mov
xchg
mov
mov
push
mov
push
call
push
push
call
push
push
call
add
mov
mov
xchg
xchg
mov
pushf
mov
nop
xor
mul
mul
imul
mov
nop
nop
xor
mul
mov
mul
xor
nop
mul
xor
mov
mov
nop
imul
mul
imul
nop
mov
mul
mov
mov
popf
mov
xchg
xchg
mov
xchg
mov
mov
jmp
cmp
mov
mov
xchg
xchg
mov
pushf
mov
nop
xor
mul
mul
imul
mov
nop
nop
xor
mul
mov
mul
xor
nop
mul
xor
mov
mov
nop
imul
mul
imul
nop
mov
mul
mov
mov
popf
mov
xchg
xchg
mov
xchg
mov
mov
and
jmp
cmp
mov
mov
xchg
xchg
mov
pushf
mov
nop
xor
mul
mul
imul
mov
nop
nop
xor
mul
mov
mul
xor
nop
mul
xor
mov
mov
nop
imul
mul
imul
nop
mov
mul
mov
mov
popf
mov
xchg
xchg
mov
xchg
mov
mov
xor
cmp
lea
mov
jmp
mov
mov
xchg
xchg
mov
pushf
mov
nop
xor
mul
mul
imul
mov
nop
nop
xor
mul
mov
mul
xor
nop
mul
xor
mov
mov
nop
imul
mul
imul
nop
mov
mul
mov
mov
popf
mov
xchg
xchg
mov
xchg
mov
mov
or
mov
mov
xchg
xchg
mov
pushf
mov
nop
xor
mul
mul
imul
mov
nop
nop
xor
mul
mov
mul
xor
nop
mul
xor
mov
mov
nop
imul
mul
imul
nop
mov
mul
mov
mov
popf
mov
xchg
xchg
mov
xchg
mov
mov
mov
cmp
cmp
cmp
sub
dec
mov
jmp
mov
mov
lea
push
lea
push
lea
push
push
lea
push
lea
push
lea
push
lea
push
mov
call
mov
test
mov
mov
xchg
xchg
mov
pushf
mov
nop
xor
mul
mul
imul
mov
nop
nop
xor
mul
mov
mul
xor
nop
mul
xor
mov
mov
nop
imul
mul
imul
nop
mov
mul
mov
mov
popf
mov
xchg
xchg
mov
xchg
mov
mov
lea
push
lea
push
call
cmp
mov
mov
xchg
xchg
mov
pushf
mov
nop
xor
mul
mul
imul
mov
nop
nop
xor
mul
mov
mul
xor
nop
mul
xor
mov
mov
nop
imul
mul
imul
nop
mov
mul
mov
mov
popf
mov
xchg
xchg
mov
xchg
mov
mov
call
mov
mov
mov
xchg
xchg
mov
pushf
mov
nop
xor
mul
mul
imul
mov
nop
nop
xor
mul
mov
mul
xor
nop
mul
xor
mov
mov
nop
imul
mul
imul
nop
mov
mul
mov
mov
popf
mov
xchg
xchg
mov
xchg
mov
mov
push
push
call
pop
pop
mov
mov
xchg
xchg
mov
pushf
mov
nop
xor
mul
mul
imul
mov
nop
nop
xor
mul
mov
mul
xor
nop
mul
xor
mov
mov
nop
imul
mul
imul
nop
mov
mul
mov
mov
popf
mov
xchg
xchg
mov
xchg
mov
mov
mov
mov
mov
xchg
xchg
mov
pushf
mov
nop
xor
mul
mul
imul
mov
nop
nop
xor
mul
mov
mul
xor
nop
mul
xor
mov
mov
nop
imul
mul
imul
nop
mov
mul
mov
mov
popf
mov
xchg
xchg
mov
xchg
mov
mov
jmp
push
call
mov
mov
xchg
xchg
mov
pushf
mov
nop
xor
mul
mul
imul
mov
nop
nop
xor
mul
mov
mul
xor
nop
mul
xor
mov
mov
nop
imul
mul
imul
nop
mov
mul
mov
mov
popf
mov
xchg
xchg
mov
xchg
mov
mov
push
push
call
pop
pop
mov
mov
xchg
xchg
mov
pushf
mov
nop
xor
mul
mul
imul
mov
nop
nop
xor
mul
mov
mul
xor
nop
mul
xor
mov
mov
nop
imul
mul
imul
nop
mov
mul
mov
mov
popf
mov
xchg
xchg
mov
xchg
mov
mov
mov
mov
xchg
xchg
mov
pushf
mov
nop
xor
mul
mul
imul
mov
nop
nop
xor
mul
mov
mul
xor
nop
mul
xor
mov
mov
nop
imul
mul
imul
nop
mov
mul
mov
mov
popf
mov
xchg
xchg
mov
xchg
mov
mov
cmp
mov
mov
xchg
xchg
mov
pushf
mov
nop
xor
mul
mul
imul
mov
nop
nop
xor
mul
mov
mul
xor
nop
mul
xor
mov
mov
nop
imul
mul
imul
nop
mov
mul
mov
mov
popf
mov
xchg
xchg
mov
xchg
mov
mov
push
push
push
call
add
mov
mov
xchg
xchg
mov
pushf
mov
nop
xor
mul
mul
imul
mov
nop
nop
xor
mul
mov
mul
xor
nop
mul
xor
mov
mov
nop
imul
mul
imul
nop
mov
mul
mov
mov
popf
mov
xchg
xchg
mov
xchg
mov
mov
lea
push
push
call
cmp
cmp
cmp
push
pop
mov
lea
rep
movsw
movsb
push
call
mov
mov
mov
xchg
xchg
mov
pushf
mov
nop
xor
mul
mul
imul
mov
nop
nop
xor
mul
mov
mul
xor
nop
mul
xor
mov
mov
nop
imul
mul
imul
nop
mov
mul
mov
mov
popf
mov
xchg
xchg
mov
xchg
mov
mov
push
push
call
mov
lea
push
mov
push
push
lea
push
mov
call
push
push
call
jmp
lea
push
lea
push
xor
push
push
push
push
push
mov
lea
push
mov
call
push
push
call
test
cmp
mov
lea
movsd
movsd
movsb
mov
mov
xchg
xchg
mov
pushf
mov
nop
xor
mul
mul
imul
mov
nop
nop
xor
mul
mov
mul
xor
nop
mul
xor
mov
mov
nop
imul
mul
imul
nop
mov
mul
mov
mov
popf
mov
xchg
xchg
mov
xchg
mov
mov
push
lea
push
mov
push
push
lea
push
mov
mov
call
push
push
call
mov
push
mov
lea
push
mov
push
mov
lea
movsd
push
lea
push
mov
movsb
call
push
push
call
mov
mov
xchg
xchg
mov
pushf
mov
nop
xor
mul
mul
imul
mov
nop
nop
xor
mul
mov
mul
xor
nop
mul
xor
mov
mov
nop
imul
mul
imul
nop
mov
mul
mov
mov
popf
mov
xchg
xchg
mov
xchg
mov
mov
push
call
mov
mov
xchg
xchg
mov
pushf
mov
nop
xor
mul
mul
imul
mov
nop
nop
xor
mul
mov
mul
xor
nop
mul
xor
mov
mov
nop
imul
mul
imul
nop
mov
mul
mov
mov
popf
mov
xchg
xchg
mov
xchg
mov
mov
mov
lea
push
push
mov
push
push
push
call
mov
mov
mov
xchg
xchg
mov
pushf
mov
nop
xor
mul
mul
imul
mov
nop
nop
xor
mul
mov
mul
xor
nop
mul
xor
mov
mov
nop
imul
mul
imul
nop
mov
mul
mov
mov
popf
mov
xchg
xchg
mov
xchg
mov
mov
cmp
mov
mov
xchg
xchg
mov
pushf
mov
nop
xor
mul
mul
imul
mov
nop
nop
xor
mul
mov
mul
xor
nop
mul
xor
mov
mov
nop
imul
mul
imul
nop
mov
mul
mov
mov
popf
mov
xchg
xchg
mov
xchg
mov
mov
mov
lea
push
mov
call
mov
jmp
cmp
cmp
mov
mov
xchg
xchg
mov
pushf
mov
nop
xor
mul
mul
imul
mov
nop
nop
xor
mul
mov
mul
xor
nop
mul
xor
mov
mov
nop
imul
mul
imul
nop
mov
mul
mov
mov
popf
mov
xchg
xchg
mov
xchg
mov
mov
push
push
push
mov
push
lea
push
push
lea
push
lea
push
push
mov
push
push
push
push
push
call
mov
mov
xchg
xchg
mov
pushf
mov
nop
xor
mul
mul
imul
mov
nop
nop
xor
mul
mov
mul
xor
nop
mul
xor
mov
mov
nop
imul
mul
imul
nop
mov
mul
mov
mov
popf
mov
xchg
xchg
mov
xchg
mov
mov
xor
cmp
mov
mov
mov
xchg
xchg
mov
pushf
mov
nop
xor
mul
mul
imul
mov
nop
nop
xor
mul
mov
mul
xor
nop
mul
xor
mov
mov
nop
imul
mul
imul
nop
mov
mul
mov
mov
popf
mov
xchg
xchg
mov
xchg
mov
mov
push
call
mov
mov
xchg
xchg
mov
pushf
mov
nop
xor
mul
mul
imul
mov
nop
nop
xor
mul
mov
mul
xor
nop
mul
xor
mov
mov
nop
imul
mul
imul
nop
mov
mul
mov
mov
popf
mov
xchg
xchg
mov
xchg
mov
mov
mov
mov
pop
pop
pop
pop
xor
call
add
push
mov
push
push
mov
and
push
mov
mov
mov
push
lea
mov
inc
test
sub
inc
push
call
pop
mov
mov
inc
mov
inc
test
push
mov
mov
call
mov
mov
mov
xchg
xchg
mov
pushf
mov
nop
xor
mul
mul
imul
mov
nop
nop
xor
mul
mov
mul
xor
nop
mul
xor
mov
mov
nop
imul
mul
imul
nop
mov
mul
mov
mov
popf
mov
xchg
xchg
mov
xchg
mov
mov
mov
mov
lea
mov
inc
test
sub
inc
push
call
pop
mov
mov
inc
mov
inc
test
push
mov
mov
call
mov
mov
mov
xchg
xchg
mov
pushf
mov
nop
xor
mul
mul
imul
mov
nop
nop
xor
mul
mov
mul
xor
nop
mul
xor
mov
mov
nop
imul
mul
imul
nop
mov
mul
mov
mov
popf
mov
xchg
xchg
mov
xchg
mov
mov
mov
mov
mov
mov
xchg
xchg
mov
pushf
mov
nop
xor
mul
mul
imul
mov
nop
nop
xor
mul
mov
mul
xor
nop
mul
xor
mov
mov
nop
imul
mul
imul
nop
mov
mul
mov
mov
popf
mov
xchg
xchg
mov
xchg
mov
mov
mov
mov
mov
xchg
xchg
mov
pushf
mov
nop
xor
mul
mul
imul
mov
nop
nop
xor
mul
mov
mul
xor
nop
mul
xor
mov
mov
nop
imul
mul
imul
nop
mov
mul
mov
mov
popf
mov
xchg
xchg
mov
xchg
mov
mov
mov
mov
mov
xchg
xchg
mov
pushf
mov
nop
xor
mul
mul
imul
mov
nop
nop
xor
mul
mov
mul
xor
nop
mul
xor
mov
mov
nop
imul
mul
imul
nop
mov
mul
mov
mov
popf
mov
xchg
xchg
mov
xchg
mov
mov
mov
push
mov
mov
pop
mov
mov
lea
mov
add
test
sub
sar
xor
inc
mov
mul
seto
neg
or
push
call
pop
mov
movzx
mov
add
add
test
xor
push
push
mov
push
push
push
push
mov
push
push
push
push
push
push
call
push
mov
call
pop
pop
pop
pop
pop
push
lea
sub
mov
xor
mov
mov
mov
mov
mov
mov
mov
mov
push
mov
mov
mov
push
mov
push
mov
mov
mov
push
mov
mov
mov
mov
mov
call
pop
mov
xor
push
mov
mov
mov
mov
mov
mov
mov
call
push
mov
call
push
mov
call
push
mov
call
push
mov
call
push
mov
call
mov
lea
mov
lea
mov
lea
mov
lea
mov
lea
mov
lea
mov
lea
mov
lea
mov
lea
mov
mov
mov
xchg
xchg
mov
pushf
mov
nop
xor
mul
mul
imul
mov
nop
nop
xor
mul
mov
mul
xor
nop
mul
xor
mov
mov
nop
imul
mul
imul
nop
mov
mul
mov
mov
popf
mov
xchg
xchg
mov
xchg
mov
mov
push
pop
push
mov
mov
mov
mov
pop
mov
mov
mov
mov
mov
mov
mov
xchg
xchg
mov
pushf
mov
nop
xor
mul
mul
imul
mov
nop
nop
xor
mul
mov
mul
xor
nop
mul
xor
mov
mov
nop
imul
mul
imul
nop
mov
mul
mov
mov
popf
mov
xchg
xchg
mov
xchg
mov
mov
mov
mov
xchg
xchg
mov
pushf
mov
nop
xor
mul
mul
imul
mov
nop
nop
xor
mul
mov
mul
xor
nop
mul
xor
mov
mov
nop
imul
mul
imul
nop
mov
mul
mov
mov
popf
mov
xchg
xchg
mov
xchg
mov
mov
mov
mov
mov
mov
lea
mov
lea
mov
lea
mov
lea
mov
lea
mov
lea
mov
lea
mov
lea
mov
lea
mov
lea
mov
lea
mov
lea
mov
lea
mov
lea
mov
lea
mov
mov
mov
lea
mov
mov
mov
mov
xchg
xchg
mov
pushf
mov
nop
xor
mul
mul
imul
mov
nop
nop
xor
mul
mov
mul
xor
nop
mul
xor
mov
mov
nop
imul
mul
imul
nop
mov
mul
mov
mov
popf
mov
xchg
xchg
mov
xchg
mov
mov
mov
mov
mov
mov
mov
mov
mov
mov
mov
mov
lea
mov
lea
mov
lea
mov
lea
mov
lea
mov
lea
mov
mov
mov
mov
mov
mov
mov
mov
mov
mov
mov
mov
mov
mov
mov
lea
mov
lea
mov
lea
mov
lea
mov
lea
mov
lea
mov
lea
mov
mov
mov
mov
mov
mov
mov
lea
mov
lea
mov
mov
mov
lea
mov
lea
mov
xor
lea
stosd
stosd
stosd
stosd
push
lea
push
push
mov
mov
mov
mov
mov
mov
mov
mov
mov
mov
mov
mov
mov
mov
mov
mov
mov
call
lea
push
lea
push
call
push
lea
push
push
call
add
push
lea
push
call
mov
mov
xchg
xchg
mov
pushf
mov
nop
xor
mul
mul
imul
mov
nop
nop
xor
mul
mov
mul
xor
nop
mul
xor
mov
mov
nop
imul
mul
imul
nop
mov
mul
mov
mov
popf
mov
xchg
xchg
mov
xchg
mov
mov
push
push
push
call
mov
add
cmp
mov
mov
xchg
xchg
mov
pushf
mov
nop
xor
mul
mul
imul
mov
nop
nop
xor
mul
mov
mul
xor
nop
mul
xor
mov
mov
nop
imul
mul
imul
nop
mov
mul
mov
mov
popf
mov
xchg
xchg
mov
xchg
mov
mov
push
jmp
cmp
mov
mov
xchg
xchg
mov
pushf
mov
nop
xor
mul
mul
imul
mov
nop
nop
xor
mul
mov
mul
xor
nop
mul
xor
mov
mov
nop
imul
mul
imul
nop
mov
mul
mov
mov
popf
mov
xchg
xchg
mov
xchg
mov
mov
push
jmp
cmp
mov
mov
xchg
xchg
mov
pushf
mov
nop
xor
mul
mul
imul
mov
nop
nop
xor
mul
mov
mul
xor
nop
mul
xor
mov
mov
nop
imul
mul
imul
nop
mov
mul
mov
mov
popf
mov
xchg
xchg
mov
xchg
mov
mov
push
jmp
cmp
mov
mov
xchg
xchg
mov
pushf
mov
nop
xor
mul
mul
imul
mov
nop
nop
xor
mul
mov
mul
xor
nop
mul
xor
mov
mov
nop
imul
mul
imul
nop
mov
mul
mov
mov
popf
mov
xchg
xchg
mov
xchg
mov
mov
push
jmp
cmp
mov
mov
xchg
xchg
mov
pushf
mov
nop
xor
mul
mul
imul
mov
nop
nop
xor
mul
mov
mul
xor
nop
mul
xor
mov
mov
nop
imul
mul
imul
nop
mov
mul
mov
mov
popf
mov
xchg
xchg
mov
xchg
mov
mov
push
jmp
cmp
mov
mov
xchg
xchg
mov
pushf
mov
nop
xor
mul
mul
imul
mov
nop
nop
xor
mul
mov
mul
xor
nop
mul
xor
mov
mov
nop
imul
mul
imul
nop
mov
mul
mov
mov
popf
mov
xchg
xchg
mov
xchg
mov
mov
push
jmp
cmp
mov
mov
xchg
xchg
mov
pushf
mov
nop
xor
mul
mul
imul
mov
nop
nop
xor
mul
mov
mul
xor
nop
mul
xor
mov
mov
nop
imul
mul
imul
nop
mov
mul
mov
mov
popf
mov
xchg
xchg
mov
xchg
mov
mov
push
jmp
cmp
mov
mov
xchg
xchg
mov
pushf
mov
nop
xor
mul
mul
imul
mov
nop
nop
xor
mul
mov
mul
xor
nop
mul
xor
mov
mov
nop
imul
mul
imul
nop
mov
mul
mov
mov
popf
mov
xchg
xchg
mov
xchg
mov
mov
push
jmp
cmp
mov
mov
xchg
xchg
mov
pushf
mov
nop
xor
mul
mul
imul
mov
nop
nop
xor
mul
mov
mul
xor
nop
mul
xor
mov
mov
nop
imul
mul
imul
nop
mov
mul
mov
mov
popf
mov
xchg
xchg
mov
xchg
mov
mov
push
jmp
test
mov
mov
xchg
xchg
mov
pushf
mov
nop
xor
mul
mul
imul
mov
nop
nop
xor
mul
mov
mul
xor
nop
mul
xor
mov
mov
nop
imul
mul
imul
nop
mov
mul
mov
mov
popf
mov
xchg
xchg
mov
xchg
mov
mov
push
push
call
jmp
cmp
mov
mov
xchg
xchg
mov
pushf
mov
nop
xor
mul
mul
imul
mov
nop
nop
xor
mul
mov
mul
xor
nop
mul
xor
mov
mov
nop
imul
mul
imul
nop
mov
mul
mov
mov
popf
mov
xchg
xchg
mov
xchg
mov
mov
push
lea
push
push
push
call
add
mov
mov
xchg
xchg
mov
pushf
mov
nop
xor
mul
mul
imul
mov
nop
nop
xor
mul
mov
mul
xor
nop
mul
xor
mov
mov
nop
imul
mul
imul
nop
mov
mul
mov
mov
popf
mov
xchg
xchg
mov
xchg
mov
mov
lea
push
push
call
mov
mov
xchg
xchg
mov
pushf
mov
nop
xor
mul
mul
imul
mov
nop
nop
xor
mul
mov
mul
xor
nop
mul
xor
mov
mov
nop
imul
mul
imul
nop
mov
mul
mov
mov
popf
mov
xchg
xchg
mov
xchg
mov
mov
jmp
mov
mov
xchg
xchg
mov
pushf
mov
nop
xor
mul
mul
imul
mov
nop
nop
xor
mul
mov
mul
xor
nop
mul
xor
mov
mov
nop
imul
mul
imul
nop
mov
mul
mov
mov
popf
mov
xchg
xchg
mov
xchg
mov
mov
lea
push
push
call
pop
pop
mov
mov
xchg
xchg
mov
pushf
mov
nop
xor
mul
mul
imul
mov
nop
nop
xor
mul
mov
mul
xor
nop
mul
xor
mov
mov
nop
imul
mul
imul
nop
mov
mul
mov
mov
popf
mov
xchg
xchg
mov
xchg
mov
mov
lea
push
push
call
mov
mov
xchg
xchg
mov
pushf
mov
nop
xor
mul
mul
imul
mov
nop
nop
xor
mul
mov
mul
xor
nop
mul
xor
mov
mov
nop
imul
mul
imul
nop
mov
mul
mov
mov
popf
mov
xchg
xchg
mov
xchg
mov
mov
mov
push
mov
call
mov
mov
inc
mov
inc
test
mov
mov
xchg
xchg
mov
pushf
mov
nop
xor
mul
mul
imul
mov
nop
nop
xor
mul
mov
mul
xor
nop
mul
xor
mov
mov
nop
imul
mul
imul
nop
mov
mul
mov
mov
popf
mov
xchg
xchg
mov
xchg
mov
mov
lea
push
lea
push
call
mov
lea
push
lea
push
call
mov
lea
push
lea
push
call
mov
mov
add
mov
mov
mov
xchg
xchg
mov
pushf
mov
nop
xor
mul
mul
imul
mov
nop
nop
xor
mul
mov
mul
xor
nop
mul
xor
mov
mov
nop
imul
mul
imul
nop
mov
mul
mov
mov
popf
mov
xchg
xchg
mov
xchg
mov
mov
mov
mov
mov
mov
xchg
xchg
mov
pushf
mov
nop
xor
mul
mul
imul
mov
nop
nop
xor
mul
mov
mul
xor
nop
mul
xor
mov
mov
nop
imul
mul
imul
nop
mov
mul
mov
mov
popf
mov
xchg
xchg
mov
xchg
mov
mov
mov
mov
mov
mov
xchg
xchg
mov
pushf
mov
nop
xor
mul
mul
imul
mov
nop
nop
xor
mul
mov
mul
xor
nop
mul
xor
mov
mov
nop
imul
mul
imul
nop
mov
mul
mov
mov
popf
mov
xchg
xchg
mov
xchg
mov
mov
mov
mov
mov
mov
xchg
xchg
mov
pushf
mov
nop
xor
mul
mul
imul
mov
nop
nop
xor
mul
mov
mul
xor
nop
mul
xor
mov
mov
nop
imul
mul
imul
nop
mov
mul
mov
mov
popf
mov
xchg
xchg
mov
xchg
mov
mov
mov
mov
mov
mov
xchg
xchg
mov
pushf
mov
nop
xor
mul
mul
imul
mov
nop
nop
xor
mul
mov
mul
xor
nop
mul
xor
mov
mov
nop
imul
mul
imul
nop
mov
mul
mov
mov
popf
mov
xchg
xchg
mov
xchg
mov
mov
mov
mov
mov
mov
call
mov
mov
mov
xchg
xchg
mov
pushf
mov
nop
xor
mul
mul
imul
mov
nop
nop
xor
mul
mov
mul
xor
nop
mul
xor
mov
mov
nop
imul
mul
imul
nop
mov
mul
mov
mov
popf
mov
xchg
xchg
mov
xchg
mov
mov
xor
lea
stosw
mov
mov
xchg
xchg
mov
pushf
mov
nop
xor
mul
mul
imul
mov
nop
nop
xor
mul
mov
mul
xor
nop
mul
xor
mov
mov
nop
imul
mul
imul
nop
mov
mul
mov
mov
popf
mov
xchg
xchg
mov
xchg
mov
mov
push
mov
lea
push
push
call
push
mov
push
lea
push
push
call
add
lea
push
call
xor
push
push
push
call
add
add
cmp
jb
mov
mov
xchg
xchg
mov
pushf
mov
nop
xor
mul
mul
imul
mov
nop
nop
xor
mul
mov
mul
xor
nop
mul
xor
mov
mov
nop
imul
mul
imul
nop
mov
mul
mov
mov
popf
mov
xchg
xchg
mov
xchg
mov
mov
mov
mov
mov
xchg
xchg
mov
pushf
mov
nop
xor
mul
mul
imul
mov
nop
nop
xor
mul
mov
mul
xor
nop
mul
xor
mov
mov
nop
imul
mul
imul
nop
mov
mul
mov
mov
popf
mov
xchg
xchg
mov
xchg
mov
mov
lea
push
call
mov
mov
mov
xchg
xchg
mov
pushf
mov
nop
xor
mul
mul
imul
mov
nop
nop
xor
mul
mov
mul
xor
nop
mul
xor
mov
mov
nop
imul
mul
imul
nop
mov
mul
mov
mov
popf
mov
xchg
xchg
mov
xchg
mov
mov
lea
push
call
push
lea
push
push
call
add
mov
mov
xchg
xchg
mov
pushf
mov
nop
xor
mul
mul
imul
mov
nop
nop
xor
mul
mov
mul
xor
nop
mul
xor
mov
mov
nop
imul
mul
imul
nop
mov
mul
mov
mov
popf
mov
xchg
xchg
mov
xchg
mov
mov
push
lea
push
push
call
add
mov
mov
xchg
xchg
mov
pushf
mov
nop
xor
mul
mul
imul
mov
nop
nop
xor
mul
mov
mul
xor
nop
mul
xor
mov
mov
nop
imul
mul
imul
nop
mov
mul
mov
mov
popf
mov
xchg
xchg
mov
xchg
mov
mov
push
lea
push
push
call
add
mov
mov
xchg
xchg
mov
pushf
mov
nop
xor
mul
mul
imul
mov
nop
nop
xor
mul
mov
mul
xor
nop
mul
xor
mov
mov
nop
imul
mul
imul
nop
mov
mul
mov
mov
popf
mov
xchg
xchg
mov
xchg
mov
mov
push
lea
push
push
call
add
mov
mov
xchg
xchg
mov
pushf
mov
nop
xor
mul
mul
imul
mov
nop
nop
xor
mul
mov
mul
xor
nop
mul
xor
mov
mov
nop
imul
mul
imul
nop
mov
mul
mov
mov
popf
mov
xchg
xchg
mov
xchg
mov
mov
movzx
push
lea
push
push
call
add
mov
mov
xchg
xchg
mov
pushf
mov
nop
xor
mul
mul
imul
mov
nop
nop
xor
mul
mov
mul
xor
nop
mul
xor
mov
mov
nop
imul
mul
imul
nop
mov
mul
mov
mov
popf
mov
xchg
xchg
mov
xchg
mov
mov
movzx
push
lea
push
push
call
add
mov
mov
xchg
xchg
mov
pushf
mov
nop
xor
mul
mul
imul
mov
nop
nop
xor
mul
mov
mul
xor
nop
mul
xor
mov
mov
nop
imul
mul
imul
nop
mov
mul
mov
mov
popf
mov
xchg
xchg
mov
xchg
mov
mov
movzx
push
lea
push
push
call
add
mov
mov
xchg
xchg
mov
pushf
mov
nop
xor
mul
mul
imul
mov
nop
nop
xor
mul
mov
mul
xor
nop
mul
xor
mov
mov
nop
imul
mul
imul
nop
mov
mul
mov
mov
popf
mov
xchg
xchg
mov
xchg
mov
mov
movzx
push
lea
push
push
call
add
mov
mov
xchg
xchg
mov
pushf
mov
nop
xor
mul
mul
imul
mov
nop
nop
xor
mul
mov
mul
xor
nop
mul
xor
mov
mov
nop
imul
mul
imul
nop
mov
mul
mov
mov
popf
mov
xchg
xchg
mov
xchg
mov
mov
lea
push
lea
push
call
push
lea
push
push
call
add
mov
mov
xchg
xchg
mov
pushf
mov
nop
xor
mul
mul
imul
mov
nop
nop
xor
mul
mov
mul
xor
nop
mul
xor
mov
mov
nop
imul
mul
imul
nop
mov
mul
mov
mov
popf
mov
xchg
xchg
mov
xchg
mov
mov
push
lea
push
push
call
add
mov
mov
xchg
xchg
mov
pushf
mov
nop
xor
mul
mul
imul
mov
nop
nop
xor
mul
mov
mul
xor
nop
mul
xor
mov
mov
nop
imul
mul
imul
nop
mov
mul
mov
mov
popf
mov
xchg
xchg
mov
xchg
mov
mov
push
lea
push
push
call
add
mov
mov
xchg
xchg
mov
pushf
mov
nop
xor
mul
mul
imul
mov
nop
nop
xor
mul
mov
mul
xor
nop
mul
xor
mov
mov
nop
imul
mul
imul
nop
mov
mul
mov
mov
popf
mov
xchg
xchg
mov
xchg
mov
mov
push
lea
push
push
call
add
mov
mov
xchg
xchg
mov
pushf
mov
nop
xor
mul
mul
imul
mov
nop
nop
xor
mul
mov
mul
xor
nop
mul
xor
mov
mov
nop
imul
mul
imul
nop
mov
mul
mov
mov
popf
mov
xchg
xchg
mov
xchg
mov
mov
push
lea
push
push
call
add
mov
mov
xchg
xchg
mov
pushf
mov
nop
xor
mul
mul
imul
mov
nop
nop
xor
mul
mov
mul
xor
nop
mul
xor
mov
mov
nop
imul
mul
imul
nop
mov
mul
mov
mov
popf
mov
xchg
xchg
mov
xchg
mov
mov
push
lea
push
push
call
add
mov
mov
xchg
xchg
mov
pushf
mov
nop
xor
mul
mul
imul
mov
nop
nop
xor
mul
mov
mul
xor
nop
mul
xor
mov
mov
nop
imul
mul
imul
nop
mov
mul
mov
mov
popf
mov
xchg
xchg
mov
xchg
mov
mov
mov
mov
xchg
xchg
mov
pushf
mov
nop
xor
mul
mul
imul
mov
nop
nop
xor
mul
mov
mul
xor
nop
mul
xor
mov
mov
nop
imul
mul
imul
nop
mov
mul
mov
mov
popf
mov
xchg
xchg
mov
xchg
mov
mov
push
lea
push
push
call
add
mov
mov
xchg
xchg
mov
pushf
mov
nop
xor
mul
mul
imul
mov
nop
nop
xor
mul
mov
mul
xor
nop
mul
xor
mov
mov
nop
imul
mul
imul
nop
mov
mul
mov
mov
popf
mov
xchg
xchg
mov
xchg
mov
mov
push
lea
push
push
call
add
mov
mov
xchg
xchg
mov
pushf
mov
nop
xor
mul
mul
imul
mov
nop
nop
xor
mul
mov
mul
xor
nop
mul
xor
mov
mov
nop
imul
mul
imul
nop
mov
mul
mov
mov
popf
mov
xchg
xchg
mov
xchg
mov
mov
push
lea
push
push
call
add
mov
mov
xchg
xchg
mov
pushf
mov
nop
xor
mul
mul
imul
mov
nop
nop
xor
mul
mov
mul
xor
nop
mul
xor
mov
mov
nop
imul
mul
imul
nop
mov
mul
mov
mov
popf
mov
xchg
xchg
mov
xchg
mov
mov
lea
lea
mov
inc
test
sub
mov
add
add
mov
add
add
add
lea
mov
mov
mov
xchg
xchg
mov
pushf
mov
nop
xor
mul
mul
imul
mov
nop
nop
xor
mul
mov
mul
xor
nop
mul
xor
mov
mov
nop
imul
mul
imul
nop
mov
mul
mov
mov
popf
mov
xchg
xchg
mov
xchg
mov
mov
xor
push
call
inc
cmp
jb
mov
test
dec
dec
mov
add
mov
mov
mov
xchg
xchg
mov
pushf
mov
nop
xor
mul
mul
imul
mov
nop
nop
xor
mul
mov
mul
xor
nop
mul
xor
mov
mov
nop
imul
mul
imul
nop
mov
mul
mov
mov
popf
mov
xchg
xchg
mov
xchg
mov
mov
mov
inc
push
mov
call
pop
mov
mov
mov
xchg
xchg
mov
pushf
mov
nop
xor
mul
mul
imul
mov
nop
nop
xor
mul
mov
mul
xor
nop
mul
xor
mov
mov
nop
imul
mul
imul
nop
mov
mul
mov
mov
popf
mov
xchg
xchg
mov
xchg
mov
mov
mov
inc
push
mov
call
pop
mov
mov
mov
xchg
xchg
mov
pushf
mov
nop
xor
mul
mul
imul
mov
nop
nop
xor
mul
mov
mul
xor
nop
mul
xor
mov
mov
nop
imul
mul
imul
nop
mov
mul
mov
mov
popf
mov
xchg
xchg
mov
xchg
mov
mov
push
push
push
call
add
mov
mov
xchg
xchg
mov
pushf
mov
nop
xor
mul
mul
imul
mov
nop
nop
xor
mul
mov
mul
xor
nop
mul
xor
mov
mov
nop
imul
mul
imul
nop
mov
mul
mov
mov
popf
mov
xchg
xchg
mov
xchg
mov
mov
push
push
push
call
add
mov
mov
xchg
xchg
mov
pushf
mov
nop
xor
mul
mul
imul
mov
nop
nop
xor
mul
mov
mul
xor
nop
mul
xor
mov
mov
nop
imul
mul
imul
nop
mov
mul
mov
mov
popf
mov
xchg
xchg
mov
xchg
mov
mov
mov
push
push
call
mov
xor
mov
test
mov
lea
mov
inc
test
sub
inc
push
call
mov
mov
pop
mov
sub
mov
mov
inc
test
mov
and
mov
jns
dec
or
inc
mov
mov
push
call
push
push
call
push
call
add
inc
cmp
jb
mov
test
dec
dec
push
jmp
push
mov
mov
call
push
push
call
pop
pop
cmp
push
call
pop
mov
mov
xchg
xchg
mov
pushf
mov
nop
xor
mul
mul
imul
mov
nop
nop
xor
mul
mov
mul
xor
nop
mul
xor
mov
mov
nop
imul
mul
imul
nop
mov
mul
mov
mov
popf
mov
xchg
xchg
mov
xchg
mov
mov
cmp
push
call
pop
mov
mov
xchg
xchg
mov
pushf
mov
nop
xor
mul
mul
imul
mov
nop
nop
xor
mul
mov
mul
xor
nop
mul
xor
mov
mov
nop
imul
mul
imul
nop
mov
mul
mov
mov
popf
mov
xchg
xchg
mov
xchg
mov
mov
cmp
push
call
pop
mov
mov
xchg
xchg
mov
pushf
mov
nop
xor
mul
mul
imul
mov
nop
nop
xor
mul
mov
mul
xor
nop
mul
xor
mov
mov
nop
imul
mul
imul
nop
mov
mul
mov
mov
popf
mov
xchg
xchg
mov
xchg
mov
mov
push
push
push
call
add
cmp
mov
mov
xchg
xchg
mov
pushf
mov
nop
xor
mul
mul
imul
mov
nop
nop
xor
mul
mov
mul
xor
nop
mul
xor
mov
mov
nop
imul
mul
imul
nop
mov
mul
mov
mov
popf
mov
xchg
xchg
mov
xchg
mov
mov
push
lea
push
call
pop
pop
mov
mov
lea
push
call
mov
mov
xchg
xchg
mov
pushf
mov
nop
xor
mul
mul
imul
mov
nop
nop
xor
mul
mov
mul
xor
nop
mul
xor
mov
mov
nop
imul
mul
imul
nop
mov
mul
mov
mov
popf
mov
xchg
xchg
mov
xchg
mov
mov
xor
jmp
push
call
pop
mov
mov
xchg
xchg
mov
pushf
mov
nop
xor
mul
mul
imul
mov
nop
nop
xor
mul
mov
mul
xor
nop
mul
xor
mov
mov
nop
imul
mul
imul
nop
mov
mul
mov
mov
popf
mov
xchg
xchg
mov
xchg
mov
mov
mov
mov
pop
pop
xor
pop
call
add
leave
push
call
pop
mov
imul
push
call
pop
mov
cmp
push
jle
mov
push
mov
lea
mov
mov
inc
mov
mov
mov
mov
pop
jmp
test
jle
mov
mov
mov
mov
inc
xor
and
mov
pop
mov
push
cmp
mov
mov
mov
mov
inc
mov
mov
mov
mov
inc
xor
and
mov
pop
cmp
jl
mov
lea
mov
push
mov
mov
movzx
inc
mov
pop
pop
xor
mov
shr
and
or
add
cmp
jg
shr
push
push
xor
mov
xor
lea
test
cmp
inc
add
shr
cmp
jle
cmp
cmp
cmp
push
pop
add
cmp
inc
add
cmp
jl
xor
jmp
xor
inc
pop
pop
push
mov
sub
push
mov
xor
push
push
cmp
mov
movzx
mov
movzx
inc
mov
mov
push
test
mov
lea
movzx
pop
sub
cmp
jle
movzx
mov
shl
mov
or
mov
mov
mov
inc
mov
mov
mov
mov
mov
inc
mov
mov
sub
shr
lea
mov
jmp
mov
shl
or
add
jmp
movzx
mov
shl
mov
movzx
pop
sub
mov
mov
cmp
jle
mov
movzx
mov
shl
mov
or
mov
mov
mov
inc
mov
mov
mov
mov
mov
inc
mov
sub
shr
mov
lea
mov
mov
jmp
mov
mov
shl
or
mov
add
mov
mov
mov
mov
test
sub
mov
push
pop
sub
cmp
jle
mov
shl
mov
or
mov
mov
mov
inc
mov
mov
mov
mov
mov
inc
mov
sub
shr
mov
lea
mov
jmp
shl
or
add
mov
dec
cmp
movzx
jmp
mov
shr
movzx
mov
mov
shl
lea
movzx
push
pop
sub
mov
mov
cmp
mov
jle
movzx
mov
shl
mov
or
mov
mov
mov
inc
mov
mov
mov
mov
mov
inc
mov
sub
shr
mov
lea
mov
mov
jmp
mov
shl
or
mov
add
mov
mov
mov
mov
test
sub
push
pop
sub
cmp
jle
mov
shl
mov
mov
or
mov
mov
mov
inc
mov
mov
mov
mov
mov
mov
inc
mov
sub
shr
mov
lea
mov
jmp
shl
or
add
mov
mov
cmp
jb
movzx
mov
push
pop
sub
cmp
jle
movzx
mov
shl
mov
or
mov
mov
mov
inc
mov
mov
mov
mov
mov
inc
mov
sub
shr
lea
mov
jmp
mov
shl
or
add
pop
pop
mov
pop
leave
jmp
push
mov
sub
or
push
push
movzx
push
push
mov
pop
xor
push
pop
cmp
push
mov
pop
test
jl
add
inc
mov
mov
mov
movzx
mov
inc
cmp
mov
mov
mov
jge
cmp
cmp
jge
movzx
mov
push
pop
sub
cmp
jle
movzx
mov
shl
mov
or
mov
mov
mov
inc
mov
mov
mov
mov
mov
inc
mov
sub
shr
lea
mov
mov
mov
jmp
mov
shl
mov
or
add
dec
mov
mov
jmp
test
cmp
movzx
mov
push
pop
sub
cmp
jle
movzx
mov
shl
mov
or
mov
mov
mov
inc
mov
mov
mov
mov
mov
inc
mov
sub
shr
lea
mov
mov
mov
jmp
mov
shl
mov
or
add
dec
mov
mov
movzx
mov
push
pop
sub
cmp
mov
jle
movzx
mov
shl
mov
or
mov
mov
mov
inc
mov
mov
mov
mov
mov
inc
mov
sub
shr
mov
lea
mov
mov
jmp
mov
shl
or
mov
add
add
cmp
mov
jle
mov
shl
mov
or
mov
mov
mov
inc
mov
mov
mov
mov
mov
inc
mov
sub
shr
add
jmp
shl
or
add
jmp
cmp
mov
push
pop
jg
movzx
sub
cmp
mov
jle
movzx
mov
shl
mov
or
mov
mov
mov
inc
mov
mov
mov
mov
mov
inc
mov
sub
shr
mov
lea
mov
mov
jmp
mov
shl
or
mov
add
add
cmp
mov
jle
mov
shl
mov
or
mov
mov
mov
inc
mov
mov
mov
mov
mov
inc
mov
sub
shr
add
jmp
shl
or
add
jmp
movzx
sub
cmp
mov
jle
movzx
mov
shl
mov
or
mov
mov
mov
inc
mov
mov
mov
mov
mov
inc
mov
sub
shr
mov
lea
mov
mov
jmp
mov
shl
or
mov
add
add
cmp
mov
jle
mov
shl
mov
or
mov
mov
mov
inc
mov
mov
mov
mov
mov
inc
mov
sub
shr
add
mov
mov
jmp
shl
or
add
mov
xor
mov
cmp
mov
push
jmp
cmp
push
pop
jmp
push
pop
push
pop
pop
pop
pop
leave
push
mov
sub
or
and
push
push
push
push
mov
movzx
pop
push
pop
test
push
mov
pop
mov
mov
test
jl
mov
add
inc
mov
mov
mov
mov
mov
movzx
inc
cmp
jge
cmp
cmp
jge
jmp
test
cmp
inc
inc
jmp
cmp
jg
inc
jmp
inc
xor
mov
test
mov
push
jmp
cmp
push
pop
jmp
push
pop
push
pop
pop
pop
pop
leave
push
mov
sub
mov
xor
mov
push
xor
push
lea
xor
xor
inc
sub
lea
mov
movzx
mov
inc
cmp
jle
cmp
jl
movzx
test
lea
movzx
movzx
push
inc
push
mov
call
pop
pop
mov
inc
cmp
jle
mov
pop
xor
pop
call
leave
push
mov
sub
mov
push
mov
mov
mov
mov
mov
mov
and
mov
mov
mov
mov
xor
push
movzx
push
mov
mov
shl
or
push
lea
pop
rep
lea
mov
mov
xor
mov
mov
inc
mov
cmp
jge
lea
sub
mov
mov
add
mov
mov
mov
shl
mov
movzx
movzx
inc
cmp
jle
mov
inc
cmp
mov
mov
jg
inc
and
cmp
jl
sub
mov
mov
mov
mov
movzx
mov
mov
add
imul
mov
test
movzx
add
imul
cmp
mov
lea
mov
dec
lea
jmp
dec
dec
dec
cmp
sub
mov
lea
mov
cmp
jg
mov
mov
test
mov
mov
movzx
mov
test
lea
sub
mov
dec
cmp
mov
jg
lea
movzx
cmp
mov
sub
movzx
imul
mov
mov
mov
cmp
sub
cmp
pop
pop
pop
leave
push
mov
push
mov
mov
mov
mov
add
cmp
jg
push
push
jge
mov
mov
movzx
movzx
cmp
jb
mov
mov
cmp
ja
inc
mov
mov
movzx
movzx
cmp
jb
mov
mov
cmp
jbe
mov
mov
mov
mov
add
cmp
jle
pop
pop
mov
mov
mov
leave
lea
mov
push
xor
mov
add
dec
push
lea
pop
xor
mov
add
dec
push
lea
pop
xor
mov
add
dec
xor
inc
mov
xor
mov
mov
mov
mov
pop
push
push
push
mov
mov
call
mov
mov
mov
inc
mov
mov
mov
shr
mov
inc
mov
mov
mov
not
mov
inc
mov
mov
mov
not
shr
mov
inc
jmp
mov
mov
dec
mov
inc
inc
mov
test
pop
pop
pop
push
mov
mov
cmp
jle
mov
shl
mov
push
or
mov
mov
mov
inc
mov
mov
mov
mov
mov
inc
mov
sub
shr
add
mov
pop
mov
jmp
shl
or
add
mov
mov
mov
pop
jmp
push
mov
push
mov
cmp
push
mov
push
push
jle
mov
add
mov
shl
mov
or
mov
mov
mov
inc
mov
mov
mov
mov
mov
inc
mov
mov
sub
shr
add
mov
mov
jmp
mov
add
shl
or
add
mov
mov
cmp
jle
mov
dec
mov
shl
mov
mov
or
mov
mov
mov
inc
mov
mov
mov
mov
mov
inc
mov
mov
sub
shr
add
mov
mov
jmp
mov
dec
shl
or
add
mov
mov
cmp
jle
lea
mov
shl
mov
mov
or
mov
mov
mov
inc
mov
mov
mov
mov
mov
inc
mov
mov
sub
shr
add
mov
mov
jmp
lea
shl
or
add
mov
xor
test
jle
mov
cmp
movzx
jle
movzx
mov
shl
mov
or
mov
mov
mov
inc
mov
mov
mov
mov
mov
inc
mov
mov
sub
shr
add
mov
mov
jmp
mov
shl
or
add
mov
inc
cmp
jl
mov
dec
lea
call
mov
dec
lea
call
pop
pop
pop
leave
push
mov
sub
or
push
mov
mov
mov
push
mov
mov
mov
and
xor
mov
mov
test
jle
cmp
inc
mov
mov
mov
mov
jmp
xor
mov
inc
cmp
jl
jmp
cmp
jge
inc
mov
jmp
xor
inc
mov
mov
xor
mov
shl
inc
mov
mov
mov
test
movzx
sub
cmp
jl
mov
mov
mov
cdq
sub
mov
sar
jmp
push
mov
call
pop
dec
cmp
jge
mov
mov
mov
mov
mov
dec
mov
push
mov
mov
call
mov
pop
mov
mov
mov
mov
lea
mov
mov
lea
mov
mov
mov
mov
mov
mov
cmp
jb
movzx
jmp
movzx
mov
inc
mov
movzx
mov
mov
mov
mov
inc
push
mov
mov
call
cmp
pop
jge
mov
mov
mov
mov
mov
call
push
lea
mov
call
pop
pop
pop
leave
push
mov
mov
lea
push
call
mov
lea
push
call
lea
push
call
add
push
pop
movzx
cmp
dec
cmp
jge
mov
imul
add
pop
push
mov
push
and
push
mov
cmp
push
jle
mov
cmp
call
mov
lea
push
call
lea
push
call
pop
pop
mov
call
mov
mov
add
add
shr
shr
mov
cmp
ja
jmp
mov
add
mov
mov
lea
cmp
ja
cmp
push
push
mov
mov
call
jmp
cmp
cmp
mov
cmp
jle
lea
mov
shl
mov
or
mov
mov
mov
inc
mov
mov
mov
mov
mov
inc
mov
sub
shr
add
mov
mov
jmp
lea
shl
or
add
mov
mov
inc
push
mov
inc
push
mov
inc
push
mov
call
lea
push
lea
push
mov
call
add
jmp
mov
cmp
jle
lea
mov
shl
mov
or
mov
mov
mov
inc
mov
mov
mov
mov
mov
inc
mov
sub
shr
add
mov
mov
jmp
lea
shl
or
add
mov
push
push
mov
call
pop
pop
mov
call
test
call
pop
pop
leave
push
mov
sub
mov
mov
mov
mov
push
push
mov
mov
mov
lea
add
push
mov
cmp
jbe
sub
add
mov
jmp
and
lea
mov
mov
mov
mov
mov
cmp
jb
shr
mov
cmp
jbe
mov
mov
mov
add
mov
cmp
mov
cmp
mov
cmp
inc
mov
cmp
mov
inc
inc
inc
inc
mov
inc
cmp
inc
mov
inc
cmp
inc
mov
inc
cmp
inc
mov
inc
cmp
inc
mov
inc
cmp
inc
mov
inc
cmp
inc
mov
inc
cmp
inc
mov
inc
cmp
cmp
jb
mov
sub
add
cmp
lea
jle
cmp
mov
mov
mov
jge
lea
mov
mov
mov
mov
mov
and
mov
movzx
mov
cmp
jbe
mov
cmp
pop
pop
pop
leave
push
push
mov
mov
call
mov
mov
cmp
test
push
push
push
call
sub
add
sub
mov
mov
pop
pop
push
mov
mov
push
mov
cmp
test
xor
jmp
push
push
sub
push
mov
call
mov
mov
add
cmp
mov
mov
push
call
jmp
cmp
mov
push
push
call
pop
mov
pop
mov
pop
pop
push
mov
push
push
push
mov
push
mov
mov
sub
mov
mov
lea
sub
cmp
jb
mov
push
lea
push
push
call
mov
mov
sub
sub
add
sub
mov
lea
dec
dec
movzx
mov
sub
cmp
sbb
not
and
mov
mov
mov
lea
dec
dec
movzx
mov
sub
cmp
sbb
not
and
mov
add
mov
cmp
mov
add
push
add
mov
push
call
mov
pop
pop
mov
add
cmp
jb
mov
mov
sub
mov
lea
movzx
mov
shl
movzx
xor
and
cmp
mov
mov
mov
mov
movzx
mov
shl
mov
xor
and
mov
mov
mov
and
mov
mov
mov
mov
mov
inc
mov
add
cmp
jb
test
mov
cmp
mov
cmp
mov
mov
cmp
mov
add
cmp
sub
mov
mov
cmp
mov
push
add
push
push
call
add
add
mov
jmp
lea
cmp
sub
sub
add
cmp
mov
push
add
push
push
call
add
pop
pop
leave
push
push
mov
push
push
xor
mov
mov
cmp
mov
call
mov
cmp
cmp
cmp
xor
cmp
jb
mov
mov
mov
mov
shl
mov
movzx
xor
and
mov
mov
mov
and
mov
mov
mov
and
mov
movzx
mov
mov
mov
mov
mov
push
mov
mov
pop
mov
mov
cmp
mov
cmp
mov
mov
sub
sub
cmp
ja
push
mov
call
add
mov
cmp
ja
cmp
cmp
mov
sub
cmp
jbe
mov
mov
cmp
jb
cmp
ja
mov
mov
mov
mov
lea
mov
sub
mov
sub
movzx
mov
mov
mov
mov
inc
movzx
movzx
lea
add
inc
mov
cmp
movzx
movzx
jmp
shr
movzx
lea
inc
mov
xor
dec
cmp
mov
setz
mov
xor
inc
sub
add
mov
inc
mov
cmp
ja
mov
mov
mov
shl
mov
movzx
xor
and
mov
mov
mov
and
mov
mov
mov
mov
mov
mov
xor
inc
mov
mov
mov
cmp
mov
cmp
jl
mov
add
jmp
xor
sub
push
push
xor
mov
call
mov
mov
pop
pop
mov
call
jmp
cmp
mov
mov
mov
mov
mov
xor
mov
mov
mov
mov
inc
movzx
lea
inc
mov
dec
cmp
mov
cmp
jl
mov
add
jmp
xor
mov
sub
push
push
xor
mov
call
mov
mov
pop
pop
mov
call
inc
mov
cmp
xor
pop
pop
pop
pop
inc
mov
jmp
cmp
mov
mov
mov
mov
lea
mov
xor
mov
mov
mov
mov
inc
movzx
lea
inc
mov
mov
push
pop
cmp
mov
cmp
mov
cmp
jl
mov
add
jmp
xor
sub
push
xor
push
inc
mov
call
mov
mov
pop
pop
mov
call
mov
xor
cmp
inc
inc
mov
jmp
cmp
mov
cmp
jl
mov
add
jmp
xor
sub
push
push
xor
mov
call
mov
mov
pop
pop
mov
call
mov
cmp
xor
inc
jmp
push
push
mov
push
push
mov
mov
cmp
mov
call
mov
cmp
cmp
test
cmp
jb
mov
mov
mov
mov
shl
mov
movzx
xor
and
mov
mov
mov
and
mov
mov
mov
and
mov
movzx
mov
mov
mov
mov
test
mov
mov
sub
sub
cmp
ja
push
mov
call
add
mov
cmp
jb
mov
sub
mov
mov
mov
sub
movzx
mov
mov
mov
mov
inc
movzx
movzx
lea
add
inc
mov
cmp
movzx
movzx
jmp
shr
movzx
lea
inc
mov
xor
dec
cmp
mov
setz
sub
mov
mov
cmp
ja
cmp
jb
dec
mov
inc
mov
mov
mov
mov
movzx
shl
mov
xor
and
mov
mov
mov
and
mov
mov
mov
mov
mov
mov
jmp
mov
mov
and
lea
movzx
mov
mov
shl
movzx
xor
and
mov
jmp
mov
mov
mov
mov
mov
xor
mov
mov
mov
mov
inc
movzx
lea
inc
mov
xor
dec
cmp
setz
mov
inc
test
mov
test
jl
mov
add
jmp
xor
mov
sub
push
push
xor
mov
call
mov
mov
pop
pop
mov
call
mov
cmp
xor
pop
pop
pop
pop
mov
cmp
mov
jmp
push
pop
cmp
mov
mov
test
jl
mov
add
jmp
xor
sub
push
xor
push
inc
mov
call
mov
mov
pop
pop
mov
call
mov
xor
cmp
inc
inc
mov
jmp
cmp
mov
test
jl
mov
add
jmp
xor
sub
push
push
xor
mov
call
mov
mov
pop
pop
mov
call
mov
cmp
xor
inc
jmp
push
mov
push
push
mov
mov
mov
add
push
push
mov
cmp
mov
mov
cmp
ja
mov
call
mov
test
mov
mov
mov
mov
lea
cmp
jb
sub
mov
mov
test
jl
mov
add
jmp
xor
sub
push
push
xor
mov
call
mov
mov
pop
pop
mov
call
mov
cmp
mov
mov
mov
sub
sub
cmp
jb
test
jl
mov
add
jmp
xor
push
push
xor
mov
call
mov
mov
pop
pop
mov
call
mov
cmp
xor
pop
pop
pop
leave
cmp
and
cmp
mov
test
jl
mov
add
jmp
xor
mov
sub
push
push
xor
inc
mov
call
mov
mov
pop
pop
mov
call
mov
xor
cmp
inc
inc
mov
jmp
mov
mov
cmp
jle
test
jl
mov
add
jmp
xor
sub
push
push
xor
mov
call
mov
mov
pop
pop
mov
call
mov
cmp
xor
inc
jmp
push
mov
push
push
push
mov
mov
mov
and
mov
shl
add
mov
shl
shr
and
add
shr
add
cmp
push
not
test
movzx
mov
shr
xor
shl
xor
inc
cmp
push
lea
pop
mov
jb
mov
shr
mov
add
xor
add
mov
shr
mov
and
mov
shr
and
xor
mov
shr
xor
and
xor
xor
add
mov
shr
mov
shr
and
mov
and
xor
mov
shr
xor
and
xor
xor
add
mov
shr
mov
and
mov
shr
and
xor
mov
shr
xor
and
xor
xor
add
mov
shr
mov
and
mov
shr
and
xor
mov
shr
xor
and
xor
xor
add
mov
shr
mov
and
mov
shr
and
xor
mov
shr
xor
and
xor
xor
add
mov
shr
and
mov
mov
shr
and
xor
mov
shr
xor
and
xor
sub
xor
add
mov
mov
shr
shr
and
mov
and
xor
mov
shr
xor
and
xor
xor
mov
shr
and
mov
mov
shr
and
xor
mov
shr
xor
and
xor
mov
cmp
jb
mov
shr
mov
sub
add
xor
mov
shr
and
mov
mov
shr
and
xor
mov
shr
xor
and
xor
mov
mov
add
cmp
movzx
mov
shr
xor
shl
xor
inc
not
mov
and
mov
shl
add
mov
shr
and
shl
pop
add
shr
pop
add
pop
leave
push
mov
push
cmp
push
not
mov
test
movzx
xor
and
shr
xor
inc
cmp
push
push
push
mov
pop
jb
mov
shr
mov
xor
add
mov
shr
mov
shr
and
mov
and
xor
mov
shr
xor
and
xor
xor
add
mov
shr
mov
shr
and
mov
and
xor
mov
shr
xor
and
xor
xor
add
mov
shr
mov
and
mov
shr
and
xor
mov
shr
xor
and
xor
xor
add
mov
shr
mov
shr
and
mov
and
xor
mov
shr
xor
and
xor
xor
add
mov
shr
mov
and
mov
shr
and
xor
mov
shr
xor
and
xor
xor
add
mov
shr
and
mov
mov
shr
and
xor
mov
shr
xor
and
xor
sub
xor
add
mov
mov
shr
shr
and
mov
and
xor
mov
shr
xor
and
xor
xor
add
mov
shr
and
mov
mov
shr
and
xor
mov
shr
xor
and
xor
cmp
jb
mov
shr
mov
xor
sub
mov
shr
and
mov
mov
shr
and
xor
mov
shr
xor
and
xor
add
mov
cmp
pop
pop
movzx
xor
and
shr
xor
inc
not
pop
leave
test
xor
push
mov
call
pop
push
mov
push
push
mov
push
mov
push
xor
mov
inc
shr
and
cmp
movzx
add
mov
cmp
jb
sub
add
cmp
jb
sub
jmp
test
cmp
jb
cmp
jb
mov
mov
xor
div
mov
mov
sub
mov
movzx
add
movzx
add
add
movzx
add
add
movzx
add
add
movzx
add
add
movzx
add
add
movzx
add
add
movzx
add
add
movzx
add
add
movzx
add
add
movzx
add
add
movzx
add
add
movzx
add
add
movzx
add
add
movzx
add
add
movzx
add
add
add
add
dec
mov
xor
mov
div
mov
mov
mov
xor
div
mov
test
cmp
jb
mov
shr
movzx
add
movzx
add
add
movzx
add
add
movzx
add
add
movzx
add
add
movzx
add
add
movzx
add
add
movzx
add
add
movzx
add
add
movzx
add
add
movzx
add
add
movzx
add
add
movzx
add
add
movzx
add
add
movzx
add
add
movzx
add
add
sub
add
add
dec
jmp
movzx
dec
add
inc
add
test
mov
cmp
jb
sub
mov
xor
div
mov
jmp
movzx
dec
add
inc
add
test
mov
mov
xor
mov
div
mov
mov
xor
div
mov
mov
shl
or
pop
pop
pop
leave
pop
leave
cmp
cmp
sub
fnstcw
pop
and
cmp
mov
push
mov
push
lea
push
mov
call
mov
mov
pop
pop
mov
jmp
mov
push
mov
push
mov
mov
call
test
push
call
pop
mov
pop
pop
mov
push
mov
push
push
mov
call
mov
mov
pop
pop
lea
jmp
mov
lea
mov
xor
call
mov
xor
call
mov
jmp
mov
lea
mov
xor
call
mov
jmp
push
call
pop
mov
test
push
call
pop
mov
test
push
call
pop
mov
mov
jmp
