mov
jmp
push
mov
mov
call
test
push
call
add
mov
pop
xor
movzx
or
mov
mov
movzx
and
and
mov
movzx
mov
sub
push
mov
movzx
mov
and
mov
mov
not
mov
mov
mov
movzx
mov
movzx
and
not
mov
mov
mov
pop
mov
mov
mov
and
mov
mov
movzx
mov
movzx
sub
mov
mov
mov
mov
sub
push
mov
movzx
mov
add
and
mov
mov
mov
pop
mov
add
push
mov
mov
mov
lea
mov
mov
add
push
lea
mov
mov
mov
lea
sub
mov
imul
add
mov
pop
mov
mov
mov
mov
mov
pop
push
mov
mov
sub
mov
mov
mov
test
mov
mov
push
push
call
mov
mov
mov
shl
mov
imul
mov
mov
mov
mov
mov
mov
pop
mov
mov
push
mov
mov
mov
shl
lea
mov
mov
sub
mov
mov
mov
mov
mov
mov
pop
mov
mov
mul
shr
imul
push
mov
sub
inc
or
push
or
mov
xor
ror
rol
mov
rol
inc
test
xor
div
mov
mov
ror
or
xor
or
inc
xor
xor
mov
xor
div
mov
pop
pop
mov
mov
mul
mov
sub
shr
add
shr
push
mov
imul
add
lea
xor
rol
rol
mov
test
xor
div
mov
pop
mov
sub
test
ja
xor
lea
push
call
add
add
or
xor
div
cmp
lea
push
lea
mov
call
push
lea
push
mov
call
mov
sub
test
ja
xor
push
call
add
add
or
xor
div
cmp
lea
push
lea
mov
call
push
lea
push
mov
call
mov
sub
test
ja
xor
lea
push
call
add
add
or
xor
div
cmp
lea
push
lea
mov
call
push
lea
push
mov
call
mov
push
push
mov
call
mov
mov
pop
mov
add
mov
imul
mov
mov
add
mov
add
push
mov
mov
mov
mov
mov
pushf
cmp
jbe
add
sub
mov
cmp
jb
add
sub
popf
mov
mov
mov
pop
mov
mov
mov
add
add
mov
mov
imul
mov
mov
mov
mov
shl
push
mov
mov
pushf
cmp
jbe
add
sub
mov
cmp
jb
add
sub
popf
mov
mov
mov
pop
mov
sub
mov
mov
imul
add
mov
mov
imul
mov
mov
sub
mov
mov
mov
lea
add
push
mov
mov
pushf
cmp
jbe
add
sub
mov
cmp
jb
add
sub
popf
mov
mov
mov
pop
mov
not
mov
mov
mov
and
mov
movzx
add
mov
movzx
add
mov
or
mov
lea
push
mov
mov
mov
mov
pushf
cmp
jbe
add
sub
mov
cmp
jb
add
sub
popf
mov
mov
mov
pop
mov
mov
not
sub
push
mov
mov
mov
mov
mov
mov
pushf
cmp
jbe
add
sub
mov
cmp
jb
add
sub
popf
mov
mov
mov
pop
push
mov
mov
mov
sub
lea
mov
mov
add
mov
mov
push
push
mov
shl
mov
mov
mov
add
mov
mov
mov
mov
sub
mov
mov
mov
pushf
cmp
jbe
add
sub
mov
cmp
jb
add
sub
popf
mov
mov
pop
lea
pop
pop
mov
imul
mov
push
push
mov
mov
and
lea
mov
mov
mov
mov
sub
mov
mov
mov
pushf
cmp
jbe
add
sub
mov
cmp
jb
add
sub
popf
mov
mov
pop
mov
pop
mov
imul
mov
lea
mov
or
mov
lea
push
mov
mov
pushf
cmp
jbe
add
sub
mov
cmp
jb
add
sub
popf
mov
mov
mov
pop
mov
mov
not
mov
lea
mov
mov
add
push
mov
pushf
cmp
jbe
add
sub
mov
cmp
jb
add
sub
popf
mov
mov
mov
pop
mov
push
call
pop
push
call
add
test
mov
lea
test
mov
push
mov
push
mov
push
cmp
call
mov
mov
sub
cmp
mov
test
jbe
mov
push
lea
cmp
jb
mov
mov
jmp
mov
cmp
jb
mov
jmp
mov
sub
push
mov
add
add
push
sub
push
add
push
call
mov
sub
add
cmp
mov
jb
mov
mov
pop
pop
mov
pop
pop
push
mov
push
push
mov
push
sub
push
push
push
mov
xor
push
lea
mov
mov
mov
mov
mov
mov
or
cmp
jbe
mov
jmp
mov
mov
mul
mov
shr
shr
cmp
mov
sub
cmp
ja
lea
lea
push
push
mov
call
add
mov
jmp
mov
mov
mov
inc
push
push
mov
call
mov
add
mov
mov
mov
mov
test
jbe
cmp
jb
mov
jmp
lea
push
push
mov
lea
push
push
call
add
cmp
jb
mov
push
call
add
mov
lea
mov
mov
mov
mov
cmp
jb
mov
mov
mov
mov
pop
pop
pop
pop
mov
pop
mov
cmp
jb
mov
push
call
add
push
mov
mov
push
mov
call
mov
mov
cmp
mov
fld
add
fstp
cmp
mov
mov
sub
sar
push
mov
lea
sub
test
jle
push
push
push
push
call
add
mov
pop
push
mov
cmp
jb
mov
push
call
add
xor
mov
mov
mov
pop
push
mov
push
mov
push
cmp
call
mov
mov
sub
cmp
mov
test
jbe
mov
push
lea
cmp
jb
mov
mov
jmp
mov
cmp
jb
mov
mov
jmp
mov
mov
sub
add
push
lea
lea
sub
push
add
push
mov
lea
push
call
mov
sub
add
cmp
mov
jb
mov
xor
mov
pop
pop
mov
pop
pop
push
mov
push
push
mov
push
sub
push
push
push
mov
xor
push
lea
mov
mov
mov
mov
mov
mov
or
cmp
jbe
mov
jmp
mov
mov
mul
mov
shr
shr
cmp
mov
sub
cmp
ja
lea
lea
push
push
mov
call
add
mov
jmp
mov
mov
mov
inc
push
push
mov
call
mov
add
mov
mov
mov
mov
mov
test
jbe
cmp
jb
mov
jmp
lea
lea
push
push
lea
push
push
call
mov
add
cmp
jb
mov
push
call
mov
add
lea
xor
mov
mov
mov
cmp
jb
mov
xor
mov
mov
mov
pop
pop
pop
pop
mov
pop
mov
cmp
jb
mov
push
call
add
xor
push
mov
mov
push
mov
call
push
mov
mov
cmp
jb
mov
push
call
add
xor
mov
mov
mov
mov
pop
jmp
push
mov
mov
cmp
jb
mov
push
call
add
xor
mov
mov
mov
mov
call
test
push
call
add
mov
pop
push
mov
push
mov
push
push
mov
cmp
call
mov
mov
sub
cmp
mov
cmp
push
add
push
mov
call
push
push
mov
call
pop
mov
pop
pop
pop
cmp
jbe
call
mov
cmp
mov
push
push
mov
call
test
jbe
cmp
jb
mov
jmp
test
mov
cmp
jb
mov
pop
mov
mov
pop
pop
pop
lea
pop
mov
mov
pop
pop
pop
lea
mov
lea
cmp
jb
mov
jmp
mov
push
add
push
push
push
call
add
cmp
mov
jb
mov
mov
pop
mov
pop
pop
pop
push
mov
push
push
mov
test
mov
lea
cmp
jb
mov
jmp
mov
cmp
jb
cmp
jb
mov
jmp
mov
mov
add
cmp
jbe
cmp
jb
mov
mov
push
sub
push
push
mov
call
pop
pop
pop
mov
cmp
jbe
call
mov
cmp
mov
push
push
mov
call
test
jbe
mov
push
lea
cmp
jb
mov
jmp
test
mov
cmp
jb
mov
pop
mov
mov
pop
pop
lea
pop
mov
mov
pop
pop
mov
push
push
push
push
call
add
cmp
mov
jb
mov
mov
pop
pop
mov
pop
pop
mov
mov
sub
push
sar
push
mov
lea
lea
test
jbe
push
push
push
push
call
add
pop
mov
pop
push
mov
mov
mov
imul
mov
mov
sub
mov
mov
sub
mov
mov
add
push
mov
mov
mov
mov
mov
pushf
cmp
jbe
add
sub
mov
cmp
jb
add
sub
popf
mov
mov
cmp
jb
mov
push
call
add
xor
cmp
mov
mov
mov
jb
mov
push
call
add
mov
pop
pop
mov
mov
mov
add
add
mov
mov
mov
mov
shl
cmp
mov
mov
mov
mov
jb
mov
push
call
add
mov
mov
mov
mov
shl
mov
imul
push
mov
mov
mov
shl
mov
mov
sub
mov
mov
mov
mov
cmp
jb
mov
push
call
add
xor
cmp
mov
mov
mov
pop
jb
mov
push
call
add
mov
mov
mov
add
mov
mov
mov
shl
mov
mov
mov
mov
add
mov
lea
add
cmp
mov
mov
jb
mov
push
call
add
xor
cmp
mov
mov
mov
jb
mov
push
call
add
mov
push
mov
mov
mov
add
mov
mov
mov
sub
push
add
mov
mov
add
mov
lea
mov
mov
imul
mov
mov
mov
imul
mov
imul
mov
mov
pushf
cmp
jbe
add
sub
mov
cmp
jb
add
sub
popf
mov
mov
cmp
jb
mov
push
call
add
mov
pop
pop
mov
mov
lea
mov
mov
imul
mov
mov
push
mov
shl
mov
sub
mov
mov
mov
imul
mov
lea
mov
add
cmp
mov
mov
pop
jb
mov
push
call
add
mov
push
mov
mov
mov
lea
mov
mov
add
mov
mov
and
and
mov
mov
or
mov
mov
not
push
mov
mov
pushf
cmp
jbe
add
sub
mov
cmp
jb
add
sub
popf
mov
mov
cmp
jb
mov
push
call
add
mov
pop
pop
mov
mov
sub
mov
or
cmp
not
mov
mov
mov
mov
jb
mov
push
call
add
mov
push
mov
mov
mov
sub
push
mov
mov
and
mov
sub
mov
mov
mov
pushf
cmp
jbe
add
sub
mov
cmp
jb
add
sub
popf
mov
mov
cmp
jb
mov
push
call
add
mov
pop
pop
mov
mov
lea
add
cmp
mov
mov
mov
mov
jb
mov
push
call
add
xor
cmp
mov
mov
mov
jb
mov
push
call
add
mov
push
mov
mov
mov
mov
or
and
mov
mov
mov
sub
push
mov
mov
mov
mov
pushf
cmp
jbe
add
sub
mov
cmp
jb
add
sub
popf
mov
mov
cmp
jb
mov
push
call
add
mov
pop
pop
push
mov
mov
mov
add
mov
movzx
mov
sub
mov
push
not
mov
lea
mov
pushf
cmp
jbe
add
sub
mov
cmp
jb
add
sub
popf
mov
mov
cmp
jb
mov
push
call
add
mov
pop
pop
mov
cmp
mov
mov
jb
mov
push
call
add
xor
cmp
mov
mov
mov
jb
mov
push
call
add
xor
mov
inc
cmp
lea
lea
mov
mov
mov
jb
mov
push
call
add
xor
cmp
mov
mov
mov
jb
mov
push
call
add
mov
push
push
mov
push
push
push
mov
xor
push
lea
mov
mov
mov
push
call
add
test
mov
jmp
xor
mov
mov
mov
call
mov
mov
mov
mov
mov
pop
pop
add
push
mov
push
mov
mov
mov
test
jbe
mov
fld
dec
fstp
add
test
ja
lea
pop
pop
push
mov
push
mov
push
push
mov
cmp
call
mov
mov
sub
cmp
mov
cmp
push
add
push
mov
call
push
push
mov
call
pop
mov
pop
pop
pop
cmp
jbe
call
mov
cmp
mov
push
push
mov
call
test
jbe
cmp
jb
mov
jmp
test
mov
cmp
jb
mov
xor
pop
mov
mov
pop
pop
pop
lea
xor
pop
mov
mov
pop
pop
pop
lea
cmp
lea
jb
mov
jmp
mov
mov
lea
lea
push
push
mov
lea
push
push
call
add
cmp
mov
jb
mov
xor
mov
pop
mov
pop
pop
pop
push
push
mov
push
push
mov
xor
push
lea
mov
mov
mov
mov
xor
mov
cmp
push
mov
mov
push
mov
mov
push
call
mov
mov
pop
add
push
push
mov
push
push
push
mov
xor
push
lea
mov
mov
mov
call
xor
lea
mov
push
mov
mov
push
mov
mov
mov
push
call
mov
mov
mov
pop
pop
add
mov
push
push
mov
call
mov
mov
pop
mov
push
mov
mov
push
mov
mov
mov
lea
nop
mov
inc
test
sub
push
push
mov
call
pop
mov
pop
push
push
mov
mov
push
test
mov
lea
cmp
jb
mov
jmp
mov
cmp
jb
cmp
jb
mov
jmp
mov
mov
lea
cmp
jbe
cmp
jb
mov
mov
sub
push
sar
push
push
mov
call
pop
pop
pop
mov
cmp
jbe
call
mov
cmp
mov
push
push
mov
call
test
jbe
mov
push
lea
cmp
jb
mov
jmp
test
mov
cmp
jb
mov
xor
pop
mov
mov
pop
pop
lea
xor
pop
mov
mov
pop
pop
mov
mov
lea
push
push
add
push
push
call
add
cmp
mov
jb
mov
xor
mov
pop
pop
mov
pop
pop
push
push
mov
push
sub
mov
xor
push
lea
mov
push
push
lea
mov
mov
mov
call
lea
push
lea
mov
call
push
lea
push
mov
call
push
push
mov
push
push
push
push
mov
xor
push
lea
mov
mov
mov
mov
push
call
xor
push
lea
mov
lea
push
mov
mov
push
mov
mov
call
mov
mov
mov
pop
pop
pop
add
push
push
mov
push
sub
push
mov
xor
push
lea
mov
mov
mov
mov
sub
cmp
push
push
lea
mov
mov
mov
call
lea
push
lea
mov
call
push
lea
push
mov
call
add
mov
mov
mov
pop
pop
add
mov
push
push
mov
call
mov
mov
pop
push
push
mov
mov
push
test
xor
jmp
mov
sub
sar
mov
mov
test
push
mov
mov
sub
sar
mov
sub
cmp
call
lea
push
cmp
mov
shr
mov
sub
cmp
mov
mov
jmp
add
mov
cmp
mov
mov
push
push
call
mov
sub
add
mov
mov
push
sar
push
lea
push
mov
call
mov
mov
push
push
push
mov
call
mov
mov
add
lea
push
push
push
mov
call
mov
mov
sub
sar
add
test
push
call
add
mov
lea
lea
mov
pop
pop
pop
mov
mov
pop
pop
mov
mov
sub
sar
lea
cmp
mov
fld
lea
push
fstp
push
push
mov
call
mov
mov
sub
lea
push
sar
sub
push
push
mov
call
mov
mov
lea
push
sub
push
push
call
add
pop
pop
pop
pop
pop
mov
fld
push
mov
fstp
push
sub
push
mov
call
push
mov
mov
push
push
call
mov
lea
push
add
push
push
call
add
pop
pop
pop
pop
pop
push
push
push
mov
mov
mov
mov
mov
mov
xor
mov
cmp
push
lea
cmp
mov
jb
mov
push
call
add
mov
mov
push
mov
call
add
mov
cmp
pop
pop
pop
pop
push
mov
push
push
mov
push
sub
push
push
push
mov
xor
push
lea
mov
mov
push
call
mov
add
mov
mov
test
mov
mov
lea
test
mov
mov
mov
push
lea
push
call
add
mov
mov
mov
pop
pop
pop
pop
mov
pop
mov
push
call
add
push
push
call
sub
push
push
push
mov
mov
push
mov
mov
sub
test
xor
jmp
cmp
jbe
call
mov
mov
test
cmp
call
mov
sub
sar
mov
mov
mov
push
push
push
push
mov
call
mov
cmp
jbe
call
mov
mov
mov
test
call
xor
lea
cmp
ja
test
mov
jmp
mov
jmp
xor
cmp
call
mov
mov
pop
pop
mov
pop
pop
add
sub
push
mov
mov
push
test
xor
jmp
mov
sub
sar
mov
mov
sub
sar
cmp
mov
fld
add
fstp
mov
pop
pop
add
cmp
jbe
call
mov
mov
push
push
push
lea
push
mov
call
pop
pop
add
push
push
mov
push
sub
push
push
push
mov
xor
push
lea
mov
xor
mov
mov
mov
mov
lea
mov
inc
cmp
sub
push
push
lea
call
mov
mov
lea
lea
push
push
push
mov
mov
call
push
mov
mov
call
mov
mov
mov
cmp
mov
jb
mov
push
call
add
fld
lea
push
fstp
mov
call
mov
mov
mov
pop
pop
pop
pop
add
push
lea
sub
mov
push
push
push
mov
mov
mov
mov
pushf
imul
cmp
add
sub
cld
imul
mov
imul
mov
mov
mul
mov
nop
mul
popf
mov
mov
mov
mov
mov
pushf
mul
std
mov
imul
mov
cmp
jb
add
sub
mul
cld
mov
mul
imul
mul
popf
mov
push
call
fld
lea
fstp
push
mov
call
call
cmp
mov
mov
mov
push
push
push
push
call
test
push
call
push
call
cmp
mov
mov
mov
mov
mov
pushf
mul
imul
mul
cld
cmp
jmp
add
sub
imul
cmp
add
sub
mov
mov
nop
mov
imul
cmp
ja
add
sub
nop
mul
popf
mov
mov
mov
mov
xor
mov
shl
mov
sub
mov
mov
xor
add
mov
mov
mov
mov
pushf
cmp
jbe
add
sub
mov
cmp
jb
add
sub
popf
mov
mov
mov
mov
test
cmp
cmp
mov
cmp
mov
mov
mov
mov
or
mov
mov
mov
mov
mov
mov
pushf
cmp
jbe
add
sub
mov
cmp
jb
add
sub
popf
mov
mov
push
xor
push
lea
mov
mov
mov
call
mov
mov
mov
and
not
and
mov
mov
not
mov
sub
mov
or
mov
mov
or
and
cmp
mov
mov
mov
mov
jb
mov
push
call
add
mov
mov
add
mov
or
mov
mov
mov
mov
mov
mov
mov
mov
mov
mov
mov
mov
pushf
cmp
jbe
add
sub
mov
cmp
jb
add
sub
popf
mov
mov
mov
mov
imul
mov
mov
mov
shl
add
mov
sub
mov
mov
sub
mov
mov
mov
mov
shl
mov
mov
mov
mov
pushf
cmp
jbe
add
sub
mov
cmp
jb
add
sub
popf
mov
mov
mov
sub
mov
and
mov
mov
mov
mov
mov
mov
mov
cmp
mov
mov
imul
push
push
push
lea
push
mov
mov
mov
call
mov
mov
mov
mov
shl
add
lea
mov
mov
push
lea
mov
xor
push
lea
mov
mov
mov
mov
mov
call
mov
mov
imul
sub
add
cmp
mov
mov
mov
mov
jb
mov
push
call
add
push
push
push
call
mov
and
add
mov
mov
mov
mov
pushf
cmp
jbe
add
sub
mov
cmp
jb
add
sub
popf
mov
mov
pusha
pushf
mov
mov
mov
mov
mov
add
inc
dec
popf
popa
fld
lea
fstp
push
mov
call
mov
pushf
cld
mov
cld
nop
imul
nop
nop
mov
mul
nop
imul
popf
mov
mov
mov
mov
mov
pushf
cmp
add
sub
nop
nop
cmp
add
sub
std
cmp
jb
add
sub
cmp
ja
add
sub
nop
cmp
jbe
add
sub
cmp
add
sub
mov
nop
nop
popf
mov
xor
mov
jmp
xor
mov
mov
mov
mov
mov
mov
pushf
cmp
jb
add
sub
cmp
add
sub
mul
cmp
ja
add
sub
mul
cld
imul
nop
std
cld
cmp
ja
add
sub
popf
mov
mov
mov
mov
imul
mov
sub
mov
mov
mov
mov
mov
mov
pushf
cmp
jbe
add
sub
mov
cmp
jb
add
sub
popf
mov
mov
mov
mov
sub
mov
and
mov
mov
sub
mov
mov
sub
mov
imul
mov
mov
sub
mov
movzx
mov
mov
mov
and
sub
sub
mov
mov
mov
mov
not
mov
mov
add
mov
and
mov
sub
mov
mov
mov
shl
mov
sub
mov
mov
mov
mov
mov
sub
sub
mov
mov
mov
mov
add
mov
mov
mov
mov
mov
mov
mov
mov
mov
mov
mov
mov
and
mov
movzx
mov
sub
mov
mov
mov
or
mov
add
mov
mov
add
mov
mov
push
add
push
sub
or
mov
mov
not
mov
mov
mov
mov
mov
mov
mov
mov
push
mov
xor
mov
mov
push
mov
call
sub
mov
mov
push
xor
mov
mov
push
mov
call
mov
call
mov
movzx
imul
mov
or
mov
mov
mov
mov
mov
mov
add
not
and
mov
mov
mov
mov
mov
mov
mov
mov
mov
mov
mov
mov
mov
mov
push
xor
dec
push
lea
mov
mov
mov
mov
call
mov
mov
mov
add
add
lea
mov
mov
mov
mov
mov
mov
mov
pushf
cmp
jbe
add
sub
mov
cmp
jb
add
sub
popf
mov
mov
cmp
jb
mov
push
call
add
mov
mov
imul
mov
sub
shl
mov
add
push
mov
mov
xor
push
lea
mov
mov
mov
mov
mov
mov
call
mov
and
mov
not
mov
mov
pushf
cmp
jbe
add
sub
mov
cmp
jb
add
sub
popf
mov
mov
cmp
jb
mov
push
call
add
mov
mov
or
not
lea
mov
add
mov
mov
rol
mov
mov
mov
and
mov
mov
mov
mov
mov
mov
mov
mov
cmp
mov
mov
mov
mov
imul
mov
mov
add
mov
mov
mov
or
and
mov
push
mov
not
xor
push
lea
mov
mov
mov
mov
mov
mov
call
cmp
jb
mov
push
call
add
push
call
mov
mov
mov
imul
mov
mov
add
add
mov
lea
mov
mov
mov
mov
add
add
mov
mov
pushf
cmp
jbe
add
sub
mov
cmp
jb
add
sub
popf
mov
mov
xor
push
mov
xor
mov
push
lea
mov
mov
call
mov
sub
mov
sub
mov
or
mov
mov
mov
mov
cmp
jb
mov
push
call
add
cmp
mov
xor
push
mov
push
lea
mov
mov
call
mov
sub
add
mov
mov
mov
cmp
jb
mov
push
call
add
xor
push
mov
push
lea
mov
mov
call
cmp
jb
mov
push
call
add
push
xor
push
lea
mov
mov
mov
call
mov
or
mov
add
mov
mov
mov
mov
pushf
cmp
jbe
add
sub
mov
cmp
jb
add
sub
popf
mov
mov
mov
cmp
jb
mov
push
call
add
push
xor
push
lea
mov
mov
mov
call
sub
mov
mov
mov
mov
mov
mov
cmp
jb
mov
push
call
add
mov
lea
lea
mov
ror
xor
or
mov
mov
mov
mul
mov
sub
shr
add
shr
imul
mov
sub
mov
mul
shr
imul
mov
sub
cmp
xor
div
jmp
mov
lea
cmp
mov
xor
div
mov
cmp
mov
xor
div
mov
mov
movzx
not
mov
and
movzx
mov
mov
or
not
mov
mov
mov
mov
add
add
mov
mov
mov
mul
shr
imul
lea
sub
mov
mov
imul
or
or
mov
or
mov
sub
mov
mov
mov
mov
mov
mov
shl
mov
add
ror
mov
mov
mov
mov
mov
mov
mov
cmp
xor
div
mov
jmp
mov
push
xor
push
lea
mov
mov
mov
call
mov
mov
mov
mov
pushf
cmp
jbe
add
sub
mov
cmp
jb
add
sub
popf
mov
mov
mov
cmp
jb
mov
push
call
add
mov
imul
mov
imul
sub
mov
mov
not
mov
mov
not
mov
sub
mov
mov
mov
not
mov
sub
mov
mov
mov
not
mov
mov
add
add
mov
mov
mov
mov
mov
mov
mov
cmp
xor
push
mov
push
lea
mov
mov
call
mov
mov
not
mov
mov
mov
not
mov
or
mov
mov
movzx
or
mov
mov
sub
mov
mov
or
mov
mov
mov
cmp
jb
mov
push
call
add
mov
xor
push
xor
push
lea
mov
mov
mov
mov
call
mov
mov
inc
add
mov
sub
dec
mov
mov
mov
cmp
jb
mov
push
call
add
cmp
mov
mov
jmp
mov
sub
mov
mov
push
xor
mov
mov
push
mov
call
push
push
push
mov
call
mov
or
lea
mov
rol
rol
cmp
xor
div
jmp
mov
push
push
ror
push
sub
mov
mov
rol
mov
mov
push
xor
mov
mov
push
mov
call
mov
call
mov
push
push
push
mov
push
lea
call
xor
sub
mov
mov
push
xor
mov
mov
push
mov
mov
call
push
sub
mov
mov
push
xor
mov
mov
push
mov
call
mov
call
mov
cmp
mov
sub
mov
mov
push
xor
mov
mov
push
mov
call
push
sub
mov
mov
push
xor
mov
mov
push
mov
call
lea
call
mov
add
mov
cmp
mov
pushf
cmp
jbe
add
sub
mov
cmp
jb
add
sub
popf
mov
mov
sub
lea
mov
mov
add
mov
lea
mov
mov
mov
sub
sub
lea
mov
mov
dec
lea
mov
mov
mov
mov
and
mov
push
xor
mov
mov
push
mov
call
push
push
push
mov
call
mov
add
cmp
mov
and
mov
cmp
mov
mov
jmp
mov
mov
mov
sub
or
add
mov
mov
mov
mov
mov
mov
mov
cmp
push
push
push
push
lea
call
push
xor
push
lea
mov
mov
mov
call
cmp
jb
mov
push
call
add
mov
sub
lea
mov
mov
or
mov
mov
push
xor
mov
mov
push
mov
mov
mov
mov
mov
mov
mov
mov
call
push
sub
mov
mov
push
xor
mov
mov
push
mov
call
push
mov
call
sub
mov
mov
push
xor
mov
mov
push
mov
call
lea
call
push
call
mov
add
add
mov
cmp
mov
mov
mov
pushf
cmp
jbe
add
sub
mov
cmp
jb
add
sub
popf
mov
mov
mov
push
mov
call
mov
push
push
push
inc
push
mov
mov
call
push
push
push
push
lea
call
mov
mul
shr
imul
lea
sub
mov
xor
mov
inc
rol
mov
mov
not
mov
or
mov
or
and
mov
mov
mov
mov
cmp
mov
xor
div
mov
jmp
mov
push
sub
mov
mov
push
xor
mov
mov
push
mov
call
push
push
lea
call
mov
inc
xor
add
mov
sub
add
mov
push
sub
and
mov
mov
mov
sub
mov
mov
mov
push
xor
mov
mov
push
mov
call
sub
mov
mov
push
xor
mov
mov
push
mov
call
push
lea
call
push
push
push
push
lea
call
mov
sub
mov
mov
mov
imul
add
mov
mov
lea
add
mov
push
mov
mov
mov
mov
call
lea
mov
call
lea
cmp
mov
mov
and
mov
and
mov
mov
not
mov
mov
sub
sub
mov
mov
and
mov
mov
mov
mov
jmp
mov
sub
mov
sub
mov
lea
mov
lea
lea
mov
mov
mov
mov
add
imul
add
mov
mov
mov
mov
and
and
push
push
mov
push
mov
mov
mov
mov
call
push
sub
mov
mov
push
xor
mov
mov
push
mov
call
sub
mov
mov
push
xor
mov
mov
push
mov
call
push
mov
call
mov
mov
sub
mov
mov
mov
push
xor
mov
mov
push
mov
call
push
push
push
mov
call
pushf
cmp
jmp
add
sub
cld
cmp
jb
add
sub
nop
mov
imul
mul
nop
mul
mul
popf
mov
mov
mov
mov
inc
cmp
mov
jl
push
push
push
sub
mov
mov
mov
push
xor
xor
mov
mov
push
mov
call
mov
call
push
push
mov
call
push
mov
call
push
push
sub
mov
mov
push
xor
mov
mov
push
mov
call
push
lea
call
push
push
push
mov
call
pushf
imul
std
cmp
add
sub
cmp
ja
add
sub
mov
cld
mov
imul
mul
mul
cmp
ja
add
sub
mov
nop
mov
imul
popf
mov
mov
mov
lea
push
mov
call
mov
push
push
mov
call
fld
lea
fstp
push
mov
call
push
push
call
push
push
call
push
call
push
call
push
push
push
call
push
call
push
push
call
pop
pop
xor
pop
add
mov
pop
push
mov
push
test
mov
and
cmp
pop
pop
test
mov
test
jbe
mov
push
mov
push
test
mov
or
push
push
push
call
add
add
sub
pop
mov
pop
pop
pop
push
mov
push
push
xor
push
cmp
cmp
mov
cmp
cmp
mov
cmp
jge
push
push
push
call
add
pop
pop
pop
or
pop
pop
pop
pop
xor
pop
cmp
mov
mov
push
push
push
mov
call
add
cmp
mov
mov
cmp
cmp
jbe
mov
mov
mov
mov
mov
mov
shr
rep
mov
and
rep
mov
mov
mov
add
sub
mov
mov
xor
jmp
cmp
cmp
mov
cmp
mov
shl
cmp
jb
cmp
mov
lea
push
push
push
push
call
add
cmp
mov
jmp
mov
push
mov
mov
call
add
cmp
mov
mov
mov
mov
mov
mov
sub
add
add
add
mov
mov
mov
adc
mov
mov
jmp
push
call
add
cmp
cmp
jmp
mov
mov
pop
pop
pop
pop
push
mov
push
mov
push
mov
push
mov
push
push
mov
mov
push
call
add
test
jle
mov
add
cmp
mov
mov
mov
sub
add
push
push
push
call
add
test
jg
test
jge
call
mov
push
call
push
push
push
call
add
or
pop
pop
pop
pop
mov
pop
pop
pop
xor
pop
push
mov
push
push
mov
push
lea
xor
mov
test
push
call
add
cmp
mov
test
push
push
call
mov
add
cmp
cmp
cmp
cmp
mov
test
cmp
jmp
push
push
push
call
add
mov
mov
sub
mov
mov
sub
cmp
mov
mov
pop
pop
pop
xor
pop
push
push
push
call
add
or
pop
pop
pop
pop
mov
test
mov
push
push
push
call
add
or
pop
pop
pop
pop
push
push
push
call
add
pop
pop
pop
or
pop
push
mov
mov
test
cmp
or
pop
mov
test
push
mov
test
mov
mov
mov
mov
inc
inc
dec
mov
mov
lea
sub
push
mov
add
push
push
push
call
add
cmp
pop
or
pop
mov
mov
add
mov
mov
mov
xor
pop
push
mov
mov
sub
dec
dec
mov
push
shl
mov
mov
mov
call
add
cmp
jmp
push
call
add
cmp
mov
test
cmp
mov
test
mov
test
jmp
mov
mov
shl
push
push
push
push
call
add
cmp
or
pop
mov
mov
xor
pop
push
mov
push
push
mov
xor
cmp
lea
mov
push
call
mov
mov
shl
push
call
mov
add
cmp
mov
cmp
mov
push
push
push
push
mov
mov
mov
mov
mov
mov
call
add
test
mov
push
call
mov
push
call
push
push
push
mov
call
add
or
pop
pop
pop
cmp
push
call
add
mov
cmp
push
call
add
push
push
push
call
add
or
pop
pop
pop
mov
cmp
push
call
add
cmp
pop
pop
or
pop
mov
cmp
pop
pop
xor
pop
mov
cmp
jbe
mov
cmp
cmp
push
call
add
mov
mov
xor
pop
pop
pop
cmp
mov
mov
pop
mov
pop
xor
pop
push
mov
mov
mov
cmp
mov
mov
shr
rep
mov
and
rep
mov
mov
mov
pop
pop
mov
mov
pop
xor
pop
push
mov
push
push
mov
mov
or
mov
mov
test
xor
cmp
jg
jl
cmp
ja
mov
jmp
mov
mov
sub
mov
mov
add
mov
xor
add
mov
mov
adc
sub
mov
sbb
jmp
mov
test
mov
test
push
call
add
cmp
mov
or
pop
pop
xor
pop
pop
pop
or
pop
mov
test
mov
mov
mov
mov
mov
test
cmp
mov
mov
xor
mov
test
mov
mov
push
push
push
call
add
mov
mov
push
push
push
push
mov
test
not
test
mov
xor
mov
and
xor
shr
mov
xor
inc
dec
cmp
mov
jb
mov
shr
mov
xor
xor
xor
mov
mov
mov
add
mov
mov
mov
and
shr
xor
add
mov
mov
xor
mov
xor
xor
xor
xor
mov
mov
mov
add
mov
mov
mov
and
shr
xor
add
mov
mov
xor
mov
xor
xor
xor
xor
mov
mov
mov
add
mov
mov
mov
and
shr
xor
mov
mov
xor
mov
xor
xor
xor
xor
mov
mov
mov
mov
mov
mov
and
shr
xor
mov
mov
xor
mov
xor
xor
xor
xor
mov
mov
mov
mov
mov
mov
shr
xor
and
mov
mov
xor
mov
xor
xor
xor
xor
mov
mov
mov
add
mov
mov
mov
and
shr
xor
add
mov
mov
xor
mov
xor
xor
xor
xor
mov
mov
mov
add
mov
mov
mov
and
shr
xor
sub
mov
mov
xor
mov
xor
xor
xor
xor
mov
mov
mov
mov
mov
mov
and
shr
xor
mov
xor
mov
xor
dec
cmp
jb
mov
shr
mov
xor
xor
xor
mov
mov
mov
add
mov
mov
mov
and
shr
xor
sub
mov
xor
mov
xor
dec
mov
test
mov
xor
mov
and
xor
shr
mov
xor
inc
dec
pop
pop
pop
pop
not
mov
push
xor
cmp
mov
cmp
mov
mov
mov
mov
mov
cmp
and
mov
lea
mov
mov
mov
mov
mov
mov
mov
mov
mov
mov
mov
mov
xor
pop
mov
pop
mov
xor
cmp
mov
cmp
push
mov
mov
mov
call
add
mov
push
push
mov
push
test
push
mov
test
mov
test
jge
xor
neg
jmp
mov
sar
inc
cmp
jge
and
test
cmp
jl
cmp
jg
mov
test
cmp
push
mov
push
call
add
mov
push
mov
mov
call
add
pop
pop
pop
pop
pop
pop
pop
mov
pop
mov
push
xor
push
cmp
push
mov
mov
cmp
cmp
mov
cmp
pop
pop
mov
pop
mov
mov
cmp
mov
mov
cmp
mov
mov
push
push
push
call
mov
add
cmp
pop
pop
mov
pop
mov
push
push
mov
push
mov
call
mov
add
cmp
mov
push
push
call
add
mov
mov
pop
pop
pop
pop
pop
pop
mov
pop
mov
sub
test
push
push
push
push
mov
test
mov
test
cmp
mov
test
cmp
mov
mov
mov
mov
mov
mov
mov
mov
mov
mov
mov
cmp
mov
mov
mov
mov
mov
ja
mov
jmp
mov
jmp
mov
test
mov
jmp
cmp
test
xor
mov
mov
dec
shl
mov
add
mov
add
inc
cmp
mov
mov
jb
mov
test
cmp
xor
push
push
push
call
mov
mov
mov
mov
lea
push
push
push
call
add
mov
mov
mov
jmp
mov
mov
test
mov
test
mov
xor
mov
and
shl
shr
add
mov
div
test
mov
mov
and
cmp
mov
mov
jmp
mov
sub
shr
mov
and
add
test
mov
mov
xor
shl
push
push
push
mov
call
mov
mov
not
and
add
or
mov
shr
mov
mov
mov
jmp
cmp
jbe
mov
mov
jmp
mov
mov
jmp
cmp
test
xor
mov
mov
dec
mov
mov
shl
add
mov
add
inc
cmp
mov
mov
jb
mov
cmp
mov
mov
mov
jmp
test
mov
mov
jmp
mov
test
shr
and
mov
mov
test
mov
lea
mov
push
shr
mov
mov
push
push
call
add
mov
xor
mov
mov
jmp
cmp
test
xor
mov
mov
dec
mov
mov
shl
add
mov
add
inc
cmp
mov
jb
mov
mov
test
mov
mov
test
mov
push
mov
mov
mov
shr
shr
shr
mov
mov
mov
mov
lea
push
push
call
add
mov
xor
mov
mov
jmp
cmp
test
mov
xor
mov
mov
shl
dec
add
mov
add
inc
cmp
mov
mov
jb
mov
mov
test
mov
and
mov
mov
shr
mov
mov
test
mov
lea
mov
push
shr
mov
mov
push
push
call
add
mov
xor
mov
mov
mov
mov
test
cmp
test
xor
mov
mov
dec
shl
mov
add
mov
add
inc
cmp
mov
mov
jb
mov
mov
mov
test
mov
mov
test
mov
lea
mov
push
shr
mov
mov
push
push
call
add
mov
xor
mov
mov
jmp
mov
test
mov
mov
mov
test
mov
cmp
mov
jbe
mov
mov
test
mov
test
mov
test
mov
mov
mov
sub
mov
lea
cmp
jbe
sub
mov
mov
mov
lea
mov
shr
rep
mov
and
rep
mov
mov
mov
mov
test
mov
mov
push
push
push
call
mov
add
mov
mov
sub
add
sub
mov
mov
mov
mov
test
mov
mov
mov
mov
test
test
xor
xor
mov
inc
mov
mov
test
mov
mov
test
mov
mov
cmp
mov
mov
mov
inc
mov
test
mov
cmp
jb
mov
test
mov
mov
push
push
push
call
mov
mov
add
mov
sub
add
test
mov
mov
mov
jmp
mov
test
mov
mov
mov
mov
test
test
xor
xor
mov
inc
mov
mov
test
mov
mov
test
mov
mov
cmp
mov
mov
mov
inc
mov
test
mov
cmp
jb
mov
test
mov
mov
push
push
push
call
mov
mov
add
mov
sub
add
test
mov
mov
mov
jmp
mov
test
mov
mov
mov
test
cmp
test
xor
mov
mov
dec
mov
mov
shl
add
mov
add
inc
cmp
mov
mov
jb
mov
mov
and
cmp
mov
mov
jmp
xor
mov
mov
test
mov
sar
and
mov
mov
mov
push
push
push
call
mov
mov
add
mov
mov
jmp
cmp
test
mov
xor
mov
mov
shl
dec
add
mov
add
inc
cmp
mov
mov
jb
mov
mov
mov
and
and
shl
add
xor
mov
shl
add
mov
shr
add
xor
mov
mov
mov
mov
mov
jmp
mov
mov
test
push
push
push
call
mov
mov
add
mov
mov
mov
cmp
cmp
mov
mov
test
mov
mov
and
shr
sub
mov
jmp
cmp
test
xor
mov
mov
dec
shl
mov
add
mov
add
inc
cmp
mov
mov
jb
mov
mov
shr
mov
and
and
dec
cmp
mov
mov
ja
jmp
shr
mov
mov
sub
jmp
push
call
mov
add
cmp
mov
mov
shr
mov
sub
jmp
shr
mov
mov
sub
jmp
mov
mov
mov
shr
mov
sub
jmp
mov
and
shr
sub
cmp
mov
test
xor
mov
mov
dec
mov
mov
shl
add
mov
add
inc
cmp
mov
mov
jb
mov
mov
not
and
shr
cmp
mov
mov
jmp
mov
mov
xor
cmp
mov
mov
mov
mov
test
mov
cmp
jbe
mov
mov
mov
cmp
jbe
mov
mov
test
mov
mov
mov
mov
shr
rep
mov
mov
and
rep
mov
mov
sub
add
mov
mov
mov
mov
mov
sub
add
sub
mov
mov
mov
mov
jmp
cmp
test
xor
mov
mov
dec
shl
mov
add
mov
add
inc
cmp
mov
mov
jb
mov
mov
sub
shr
and
mov
add
and
shr
mov
inc
mov
mov
mov
and
add
shr
cmp
mov
mov
ja
cmp
ja
mov
mov
mov
mov
cmp
cmp
test
xor
mov
mov
dec
mov
mov
shl
add
mov
add
inc
cmp
mov
mov
jb
mov
mov
xor
and
sub
mov
mov
mov
mov
inc
mov
mov
mov
shr
cmp
mov
jb
mov
mov
cmp
mov
xor
mov
mov
mov
inc
mov
mov
cmp
jb
lea
lea
mov
lea
mov
lea
push
push
mov
push
lea
push
push
push
call
add
mov
test
mov
mov
jmp
mov
mov
jmp
mov
mov
mov
mov
mov
add
mov
cmp
mov
mov
mov
shl
mov
mov
dec
mov
and
mov
mov
mov
mov
and
cmp
jbe
mov
test
xor
mov
mov
dec
shl
add
mov
mov
mov
add
mov
mov
and
mov
inc
mov
mov
mov
mov
mov
and
cmp
ja
mov
mov
cmp
and
mov
sub
mov
shr
mov
mov
mov
inc
mov
mov
jmp
mov
and
mov
lea
cmp
test
xor
mov
mov
dec
shl
mov
add
mov
add
inc
cmp
mov
mov
jb
mov
mov
mov
shr
sub
mov
test
mov
xor
mov
mov
and
shr
add
mov
sub
jmp
cmp
and
mov
add
cmp
test
xor
dec
mov
mov
mov
mov
shl
mov
add
add
inc
cmp
mov
mov
jb
mov
mov
xor
shr
mov
mov
and
add
shr
mov
jmp
and
mov
add
cmp
test
xor
mov
mov
dec
shl
mov
add
mov
add
inc
cmp
mov
mov
jb
mov
mov
xor
shr
mov
mov
and
add
shr
mov
sub
add
mov
mov
add
cmp
ja
mov
dec
test
inc
mov
mov
mov
inc
dec
mov
mov
mov
mov
add
mov
cmp
mov
jb
jmp
mov
mov
mov
jmp
mov
mov
mov
mov
cmp
cmp
mov
mov
jmp
lea
lea
mov
lea
mov
lea
push
mov
mov
push
push
lea
push
push
push
call
add
mov
test
mov
mov
jmp
mov
lea
mov
lea
lea
push
push
push
mov
mov
mov
lea
push
push
push
call
add
mov
test
mov
mov
jmp
mov
mov
cmp
mov
cmp
jb
cmp
jb
mov
mov
mov
mov
mov
mov
mov
push
mov
mov
push
mov
mov
call
mov
mov
add
mov
mov
mov
mov
mov
mov
mov
mov
cmp
mov
mov
mov
mov
jmp
mov
mov
shl
mov
mov
lea
mov
mov
and
mov
mov
mov
and
cmp
jbe
test
xor
mov
mov
dec
shl
mov
add
mov
add
inc
mov
mov
mov
mov
and
mov
mov
mov
and
cmp
ja
test
test
mov
mov
and
mov
add
mov
shl
mov
dec
and
mov
shr
mov
mov
and
and
add
mov
mov
mov
and
add
cmp
jbe
mov
test
dec
mov
mov
xor
mov
add
shl
mov
add
mov
mov
mov
add
inc
shl
mov
mov
dec
and
mov
shr
mov
and
add
mov
mov
mov
and
add
cmp
ja
mov
mov
shr
sub
mov
mov
mov
mov
mov
and
shr
sub
mov
mov
mov
add
mov
mov
and
test
mov
mov
jmp
test
mov
mov
jmp
test
mov
mov
jmp
mov
and
mov
mov
mov
test
cmp
test
xor
dec
mov
mov
mov
mov
shl
mov
add
add
inc
cmp
mov
mov
jb
mov
mov
mov
mov
mov
shl
mov
dec
and
add
mov
mov
mov
shr
sub
add
mov
mov
mov
mov
mov
mov
mov
shl
mov
dec
mov
and
mov
mov
mov
and
cmp
jbe
mov
test
xor
mov
mov
dec
shl
add
mov
mov
mov
add
mov
mov
and
mov
inc
mov
mov
mov
mov
and
cmp
ja
mov
test
mov
mov
and
mov
add
mov
shl
mov
mov
and
dec
and
shr
mov
and
add
mov
mov
mov
mov
mov
and
add
cmp
jbe
mov
test
mov
mov
dec
xor
mov
mov
mov
add
shl
mov
add
add
mov
shl
inc
mov
mov
mov
dec
and
mov
shr
and
add
mov
mov
mov
mov
and
add
cmp
ja
mov
mov
sub
shr
mov
add
mov
mov
mov
and
sub
shr
test
mov
mov
mov
mov
jmp
mov
mov
and
and
mov
mov
mov
test
cmp
test
xor
mov
mov
dec
shl
mov
add
mov
add
inc
cmp
mov
mov
jb
mov
mov
mov
mov
mov
shl
mov
dec
and
add
mov
mov
mov
shr
sub
add
mov
mov
mov
mov
test
mov
mov
sub
cmp
jbe
sub
mov
cmp
mov
jbe
mov
test
mov
mov
jmp
mov
cmp
jbe
mov
sub
mov
mov
add
sub
jmp
mov
sub
add
mov
cmp
mov
jbe
mov
mov
mov
cmp
jbe
mov
mov
sub
mov
mov
sub
mov
mov
mov
mov
mov
inc
inc
dec
mov
mov
mov
test
mov
jmp
mov
sub
mov
mov
mov
jmp
mov
test
mov
mov
mov
inc
mov
mov
dec
mov
mov
jmp
mov
test
cmp
test
mov
xor
mov
mov
shl
dec
add
mov
add
inc
cmp
mov
mov
jb
mov
mov
mov
sub
mov
mov
mov
add
test
mov
mov
mov
test
mov
push
mov
sub
push
push
call
jmp
mov
sub
push
push
call
mov
mov
mov
add
mov
mov
mov
mov
test
mov
and
mov
shl
and
add
xor
mov
shl
mov
add
shr
add
cmp
mov
mov
jmp
xor
mov
mov
mov
mov
test
mov
test
cmp
test
xor
mov
mov
dec
shl
mov
add
mov
add
inc
cmp
mov
mov
jb
mov
cmp
mov
mov
mov
mov
cmp
jbe
mov
pop
pop
pop
pop
add
mov
shr
mov
sub
jmp
mov
mov
mov
mov
mov
mov
pop
mov
pop
mov
pop
mov
pop
add
mov
xor
mov
mov
jmp
mov
mov
mov
mov
mov
mov
mov
mov
mov
mov
mov
mov
mov
test
mov
cmp
mov
cmp
jge
cmp
jl
cmp
push
push
call
add
test
mov
pop
pop
pop
mov
pop
add
mov
mov
mov
mov
sub
mov
sub
add
add
mov
mov
mov
mov
mov
add
test
mov
test
mov
push
test
mov
mov
sub
push
push
call
jmp
mov
mov
sub
push
push
call
mov
add
mov
mov
cmp
cmp
xor
jmp
mov
mov
neg
sbb
xor
and
cmp
dec
add
mov
and
add
mov
add
test
mov
test
cmp
mov
test
pop
pop
pop
mov
pop
add
mov
pop
pop
pop
pop
add
mov
mov
mov
mov
mov
push
push
mov
push
xor
mov
cmp
mov
mov
shl
mov
push
push
push
call
add
cmp
mov
pop
pop
mov
pop
cmp
mov
mov
shl
mov
mov
mov
mov
mov
mov
sub
cmp
push
jb
mov
mov
sub
mov
shr
rep
mov
and
xor
rep
mov
pop
pop
mov
mov
pop
pop
sub
cmp
mov
jbe
mov
mov
mov
mov
mov
add
mov
sub
shr
rep
mov
and
rep
mov
sub
mov
mov
mov
sub
mov
shr
rep
mov
and
rep
mov
mov
pop
pop
mov
pop
xor
pop
mov
mov
add
mov
mov
cmp
mov
mov
cmp
add
mov
pop
pop
pop
xor
pop
push
mov
push
push
mov
push
test
mov
cmp
push
call
add
mov
mov
test
cmp
mov
mov
mov
test
cmp
pop
mov
pop
pop
pop
mov
or
xor
repne
not
dec
mov
mov
or
repne
not
dec
lea
push
call
mov
add
test
mov
mov
pop
pop
mov
pop
pop
mov
or
xor
repne
not
sub
mov
mov
mov
shr
rep
mov
xor
and
rep
mov
or
repne
not
sub
mov
mov
mov
or
repne
mov
dec
shr
rep
mov
and
rep
mov
or
repne
not
sub
mov
mov
mov
or
repne
mov
dec
shr
rep
mov
and
rep
pop
pop
pop
pop
mov
imul
push
call
add
mov
push
call
pop
sub
mov
push
mov
push
mov
mov
mov
dec
push
mov
mov
lea
mov
mov
dec
sub
add
mov
lea
mov
mov
mov
mov
mov
mov
mov
mov
mov
mov
mov
mov
mov
mov
mov
mov
push
shl
mov
mov
mov
mov
dec
mov
mov
shl
dec
mov
cmp
inc
xor
mov
mov
mov
shl
add
xor
mov
add
inc
mov
mov
shl
mov
add
add
mov
mov
and
mov
mov
mov
and
shr
sub
and
test
test
mov
mov
mov
mov
shl
mov
and
dec
and
add
mov
mov
mov
mov
and
shr
sub
and
mov
inc
mov
jmp
mov
and
and
mov
cmp
inc
xor
mov
mov
mov
mov
shl
add
add
mov
mov
shl
mov
dec
and
add
mov
mov
mov
shr
sub
cmp
inc
xor
mov
add
mov
shl
xor
mov
add
inc
mov
mov
shl
mov
add
add
mov
mov
and
mov
mov
mov
and
and
shr
sub
test
test
mov
mov
mov
mov
shl
mov
and
dec
and
add
mov
mov
mov
mov
and
and
shr
sub
test
mov
and
and
cmp
mov
inc
xor
mov
mov
mov
mov
shl
add
add
cmp
inc
xor
mov
mov
mov
mov
shl
add
add
mov
mov
shl
sub
dec
and
mov
mov
add
mov
shr
mov
mov
sub
mov
cmp
jbe
sub
mov
cmp
jbe
mov
mov
test
mov
lea
mov
test
mov
sub
add
mov
cmp
sub
mov
mov
inc
inc
dec
mov
jmp
cmp
sub
add
add
mov
sub
mov
cmp
sub
mov
mov
inc
inc
dec
mov
mov
mov
mov
dec
cmp
sub
mov
mov
mov
mov
inc
inc
dec
mov
jmp
sub
add
mov
cmp
sub
mov
mov
inc
inc
dec
mov
mov
mov
sub
cmp
jbe
mov
mul
mov
shr
mov
inc
inc
inc
mov
mov
inc
inc
mov
mov
inc
mov
mov
sub
dec
mov
mov
mov
test
mov
inc
inc
mov
mov
cmp
jbe
mov
inc
mov
jmp
mov
sub
mov
inc
inc
inc
mov
mov
inc
inc
mov
mov
inc
mov
mov
sub
cmp
mov
ja
test
mov
inc
inc
mov
mov
cmp
jbe
mov
inc
mov
mov
cmp
cmp
jmp
mov
mov
mov
mov
jmp
mov
mov
jmp
test
mov
jmp
mov
mov
mov
mov
shr
sub
shl
sub
mov
mov
shl
mov
dec
and
lea
mov
lea
mov
mov
sub
add
mov
mov
sub
add
mov
mov
pop
mov
pop
pop
pop
add
sub
mov
mov
xor
push
push
push
push
lea
rep
xor
cmp
jbe
mov
xor
mov
add
inc
lea
dec
mov
mov
mov
lea
mov
mov
cmp
dec
sub
cmp
cmp
mov
jbe
mov
mov
cmp
mov
mov
mov
mov
mov
mov
pop
mov
mov
add
mov
mov
mov
add
mov
mov
pop
pop
xor
pop
add
mov
cmp
jbe
lea
cmp
inc
add
cmp
jb
cmp
mov
mov
lea
mov
lea
mov
xor
mov
sub
js
inc
add
cmp
jbe
cmp
jle
cmp
cmp
pop
pop
pop
or
pop
add
mov
xor
mov
add
cmp
mov
jb
mov
xor
cmp
mov
jbe
mov
mov
test
and
xor
mov
xor
mov
mov
inc
lea
mov
inc
add
cmp
jb
mov
xor
sub
mov
dec
mov
mov
mov
jmp
mov
mov
sub
mov
mov
sub
mov
jmp
mov
mov
mov
mov
mov
mov
mov
mov
mov
mov
shl
mov
mov
lea
mov
mov
cmp
cmp
jmp
cmp
cmp
mov
mov
mov
mov
mov
mov
sub
mov
mov
and
cmp
jge
mov
mov
jmp
jle
mov
mov
mov
mov
mov
mov
jmp
mov
mov
mov
mov
sub
mov
mov
shl
mov
mov
shr
mov
lea
add
lea
mov
sub
sub
test
mov
lea
mov
shl
mov
test
shr
test
xor
cmp
lea
and
add
mov
jmp
mov
mov
add
cmp
mov
cmp
mov
mov
xor
xor
mov
mov
mov
cmp
jbe
mov
mov
and
cmp
mov
mov
test
mov
mov
mov
mov
mov
lea
mov
mov
sub
mov
add
shl
cmp
lea
xor
mov
sub
test
jle
inc
inc
add
shl
cmp
jb
mov
mov
mov
shl
mov
add
mov
mov
cmp
cmp
jmp
cmp
cmp
mov
mov
mov
mov
mov
mov
mov
mov
mov
sub
sar
mov
jmp
mov
cmp
mov
mov
sub
mov
mov
mov
mov
mov
mov
mov
pop
pop
lea
mov
add
pop
mov
mov
mov
pop
mov
xor
add
pop
pop
pop
mov
pop
add
mov
push
mov
push
push
mov
shr
and
cmp
mov
xor
mov
add
cmp
jb
sub
add
cmp
jb
sub
mov
pop
shl
pop
or
pop
mov
test
pop
pop
mov
pop
cmp
mov
dec
test
lea
xor
mov
add
inc
add
dec
cmp
jb
sub
mov
xor
mov
pop
div
pop
pop
mov
shl
or
cmp
push
jb
mov
mul
shr
mov
sub
mov
xor
xor
mov
mov
add
xor
mov
add
add
xor
mov
add
add
xor
mov
add
add
xor
mov
add
add
xor
mov
add
add
xor
mov
add
add
xor
mov
add
add
xor
mov
add
add
xor
mov
add
add
xor
mov
add
add
xor
mov
add
add
xor
mov
add
add
xor
mov
add
add
xor
mov
add
add
add
add
add
add
dec
mov
xor
mov
div
mov
mov
mov
xor
div
mov
test
cmp
jb
mov
shr
xor
xor
mov
mov
add
xor
mov
add
add
xor
mov
add
add
xor
mov
add
add
xor
mov
add
add
xor
mov
add
add
xor
mov
add
add
xor
mov
add
add
xor
mov
add
add
xor
mov
add
add
xor
mov
add
add
xor
mov
add
add
xor
mov
add
add
xor
mov
add
add
xor
mov
add
add
sub
add
add
add
add
dec
mov
dec
test
lea
xor
mov
add
inc
add
dec
mov
xor
mov
mov
div
mov
mov
xor
div
mov
mov
pop
shl
pop
pop
or
pop
mov
and
and
mov
cmp
mov
push
call
pop
mov
push
mov
push
mov
call
test
push
call
pop
mov
pop
pop
mov
push
mov
call
pop
mov
push
mov
push
mov
call
test
push
call
pop
mov
pop
pop
mov
push
mov
mov
mov
pop
pop
leave
cmp
rep
jmp
push
push
push
call
mov
push
call
add
mov
mov
test
push
pop
pop
and
xor
pop
mov
push
push
pop
test
mov
jmp
cmp
jge
mov
mov
push
push
call
pop
pop
mov
test
push
push
mov
call
pop
pop
mov
test
push
pop
pop
xor
mov
jmp
mov
mov
add
add
cmp
jl
push
pop
xor
mov
push
mov
sar
mov
mov
and
shl
mov
cmp
cmp
test
mov
add
inc
cmp
jl
pop
xor
pop
call
cmp
call
push
call
pop
cmp
cmp
shrd
sar
mov
sar
and
sar
sar
mov
push
push
xor
mov
or
jge
inc
mov
neg
neg
sbb
mov
mov
mov
or
jge
mov
neg
neg
sbb
mov
mov
or
mov
mov
xor
div
mov
div
mov
xor
dec
jns
jmp
mov
mov
mov
mov
shr
rcr
shr
rcr
or
div
mov
mul
xchg
mul
add
jb
cmp
ja
jb
cmp
jbe
sub
sbb
sub
sbb
dec
jns
neg
neg
sbb
pop
pop
and
mov
push
mov
mov
mov
pop
mov
push
mov
push
lea
push
mov
call
mov
mov
pop
pop
mov
jmp
mov
push
mov
push
mov
mov
call
test
push
call
pop
mov
pop
pop
mov
push
mov
push
push
mov
call
mov
mov
pop
pop
call
call
mov
xor
push
call
xor
mov
push
mov
mov
push
mov
cmp
mov
test
call
add
cmp
jb
pop
pop
mov
push
mov
mov
push
mov
cmp
mov
test
call
add
cmp
jb
pop
pop
and
call
mov
xor
mov
or
fxch
fyl2x
jmp
mov
xor
fldl2e
fmulp
call
fld1
faddp
test
fld1
cmp
fdivrp
jmp
call
test
fscale
or
fchs
jmp
call
or
xor
cmp
not
fxch
fabs
jmp
jmp
jmp
fstp
fstp
fld
mov
fldln2
fxch
ftst
fstsw
wait
test
fyl2x
mov
fstp
fld
or
fldlg2
jmp
fldln2
fxch
or
fyl2x
jmp
call
fstp
fstp
or
fldz
cmp
or
fchs
mov
fld
cmp
or
fchs
jmp
fstp
jmp
fstp
jmp
fstp
fstp
fld
mov
or
fstp
fld
push
sub
mov
push
sub
fstp
sub
fstp
fsave
call
add
frstor
fld
add
pop
test
jmp
cmp
mov
or
and
mov
jmp
mov
mov
fldcw
mov
fxam
mov
fstsw
mov
wait
mov
shl
sar
rol
mov
and
xlat
movsx
and
mov
add
add
jmp
cmp
mov
or
and
mov
jmp
mov
mov
fldcw
mov
fxam
mov
fstsw
mov
fxch
mov
fxam
fstsw
fxch
mov
shl
sar
rol
mov
and
xlat
mov
shl
sar
rol
mov
and
xlat
shl
shl
or
movsx
and
mov
add
add
jmp
call
fxch
fstp
call
jmp
fstp
fstp
fstp
fld1
fstp
fld
test
mov
mov
fxch
fstp
fld
test
mov
jmp
mov
faddp
fstp
fld
test
fxch
fstp
fld
test
mov
jmp
mov
faddp
fstp
fstp
fld
cmp
jg
or
fchs
test
mov
fadd
mov
mov
and
cmp
mov
mov
cmp
and
fstsw
and
mov
call
pop
fldcw
pop
sub
fst
mov
add
and
jmp
mov
mov
push
call
pop
jmp
mov
push
mov
sub
mov
xor
mov
push
push
mov
push
push
mov
lea
call
lea
push
xor
push
push
push
push
push
lea
push
lea
push
call
mov
lea
push
push
call
add
test
cmp
cmp
mov
and
push
pop
jmp
cmp
cmp
mov
and
push
jmp
test
test
cmp
mov
and
xor
mov
pop
pop
xor
pop
call
leave
mov
push
mov
sub
mov
xor
mov
push
push
mov
push
push
mov
lea
call
lea
push
xor
push
push
push
push
push
lea
push
lea
push
call
mov
lea
push
push
call
add
test
cmp
cmp
mov
and
push
pop
jmp
cmp
cmp
mov
and
push
jmp
test
test
cmp
mov
and
xor
mov
pop
pop
xor
pop
call
leave
push
call
pop
mov
push
mov
mov
mov
pop
mov
push
mov
mov
mov
pop
mov
push
mov
mov
mov
pop
mov
push
mov
sub
push
push
push
call
and
cmp
mov
push
call
mov
test
mov
push
push
call
test
push
call
mov
push
mov
call
push
call
mov
push
mov
call
push
call
mov
push
mov
call
push
call
pop
mov
test
push
push
call
push
call
pop
mov
mov
cmp
cmp
push
call
push
mov
call
pop
pop
mov
test
test
call
test
lea
push
push
lea
push
push
push
call
test
test
or
jmp
mov
cmp
push
call
pop
test
call
mov
test
mov
cmp
push
call
pop
test
push
call
mov
push
call
pop
test
push
push
push
push
call
jmp
xor
pop
pop
pop
leave
xor
fdiv
add
sub
push
fdivr
add
fdiv
add
fdivp
add
fdivr
add
fdivrp
add
fstp
fld
fstp
fstp
call
fld
fxch
add
sub
push
fstp
fstp
call
fld
fxch
add
fxch
fstp
fld
fstp
fstp
call
fld
add
fstp
fstp
call
add
fstp
fstp
call
fld
add
fstp
fstp
call
add
fstp
fxch
fld
fstp
fstp
call
fxch
fld
fxch
add
sub
push
fstp
fxch
fstp
call
fxch
fld
fxch
add
fxch
fstp
fxch
fld
fstp
fstp
call
fxch
fld
add
fstp
fxch
fstp
call
fxch
add
fstp
fxch
fstp
call
fxch
fld
add
fstp
fxch
fstp
call
fxch
add
fstp
fxch
fld
fstp
fstp
call
fxch
fld
fxch
add
sub
push
fstp
fxch
fstp
call
fxch
fld
fxch
add
fxch
fstp
fxch
fld
fstp
fstp
call
fxch
fld
add
fstp
fxch
fstp
call
fxch
add
fstp
fxch
fstp
call
fxch
fld
add
fstp
fxch
fstp
call
fxch
add
fstp
fxch
fld
fstp
fstp
call
fxch
fld
fxch
add
sub
push
fstp
fxch
fstp
call
fxch
fld
fxch
add
fxch
fstp
fxch
fld
fstp
fstp
call
fxch
fld
add
fstp
fxch
fstp
call
fxch
add
fstp
fxch
fstp
call
fxch
fld
add
fstp
fxch
fstp
call
fxch
add
fstp
fxch
fld
fstp
fstp
call
fxch
fld
fxch
add
sub
push
fstp
fxch
fstp
call
fxch
fld
fxch
add
fxch
fstp
fxch
fld
fstp
fstp
call
fxch
fld
add
fstp
fxch
fstp
call
fxch
add
fstp
fxch
fstp
call
fxch
fld
add
fstp
fxch
fstp
call
fxch
add
fstp
fxch
fld
fstp
fstp
call
fxch
fld
fxch
add
sub
push
fstp
fxch
fstp
call
fxch
fld
fxch
add
fxch
fstp
fxch
fld
fstp
fstp
call
fxch
fld
add
fstp
fxch
fstp
call
fxch
add
fstp
fxch
fstp
call
fxch
fld
add
fstp
fxch
fstp
call
fxch
add
fstp
fxch
fld
fstp
fstp
call
fxch
fld
fxch
add
sub
push
fstp
fxch
fstp
call
fxch
fld
fxch
add
fxch
fstp
fxch
fld
fstp
fstp
call
fxch
fld
add
fstp
fxch
fstp
call
fxch
add
fstp
fxch
fstp
call
fxch
fld
add
fstp
fxch
fstp
call
fxch
add
push
mov
and
cmp
fnstsw
and
fld
call
pop
fxch
sub
fstp
fld
call
fld
fxch
add
pop
fdiv
pop
push
mov
and
cmp
fnstsw
and
fld
call
pop
fxch
sub
fstp
fld
call
fld
fxch
add
pop
fdiv
pop
push
fnstsw
and
fild
call
pop
fxch
sub
fstp
fild
call
fld
fxch
add
pop
push
fnstsw
and
fild
call
pop
fxch
sub
fstp
fild
call
fld
fxch
add
pop
push
mov
and
cmp
fnstsw
and
fld
call
pop
fxch
sub
fstp
fld
call
fld
fxch
add
pop
fdivr
pop
push
mov
and
cmp
fnstsw
and
fld
call
pop
fxch
sub
fstp
fld
call
fld
fxch
add
pop
fdivr
pop
push
fnstsw
and
fild
call
pop
fxch
sub
fstp
fild
call
fld
fxch
add
pop
push
fnstsw
and
fild
call
pop
fxch
sub
fstp
fild
call
fld
fxch
add
pop
push
sub
fstp
fstp
call
add
pop
call
call
fpatan
fptan
push
mov
or
mov
mov
xor
div
mov
mov
div
mov
mov
mul
mov
mov
mul
add
jmp
mov
mov
mov
mov
shr
rcr
shr
rcr
or
div
mov
mul
mov
mov
mul
add
jb
cmp
ja
jb
cmp
jbe
dec
sub
sbb
xor
sub
sbb
neg
neg
sbb
mov
mov
mov
mov
mov
pop
mov
mov
or
mov
mov
mul
push
mul
mov
mov
mul
add
mov
mul
add
pop
mov
push
mov
sub
mov
movzx
push
mov
and
mov
mov
mov
mov
movzx
and
sub
shl
push
mov
mov
cmp
xor
xor
cmp
inc
cmp
jl
xor
jmp
xor
lea
stosd
stosd
push
stosd
pop
jmp
and
push
lea
lea
movsd
movsd
movsd
mov
dec
lea
mov
cdq
and
add
sar
mov
and
mov
mov
jns
dec
or
inc
lea
push
xor
pop
sub
inc
shl
mov
test
mov
or
shl
not
test
jmp
cmp
inc
cmp
jl
jmp
mov
cdq
push
pop
and
add
sar
and
jns
dec
or
inc
and
sub
xor
inc
shl
lea
mov
add
mov
mov
cmp
jb
cmp
jmp
test
and
lea
mov
lea
mov
cmp
jb
cmp
mov
dec
mov
mov
mov
jns
mov
mov
or
shl
and
mov
inc
cmp
jge
push
pop
lea
sub
xor
rep
cmp
inc
mov
mov
sub
cmp
jge
xor
lea
stosd
stosd
stosd
jmp
cmp
jg
sub
lea
mov
lea
movsd
cdq
and
add
movsd
mov
sar
and
movsd
jns
dec
or
inc
and
and
or
mov
shl
mov
sub
not
mov
lea
mov
mov
and
mov
mov
shr
mov
or
mov
mov
shl
inc
cmp
mov
jl
mov
push
shl
lea
pop
sub
cmp
jl
mov
mov
jmp
and
dec
sub
test
jge
mov
dec
lea
mov
cdq
and
add
sar
mov
and
mov
jns
dec
or
inc
push
pop
sub
xor
inc
shl
lea
mov
test
or
shl
not
test
jmp
cmp
inc
cmp
jl
jmp
mov
cdq
push
pop
and
add
sar
and
jns
dec
or
inc
and
xor
sub
inc
shl
lea
mov
lea
cmp
jb
cmp
mov
mov
mov
jmp
test
lea
mov
lea
xor
cmp
jb
cmp
xor
inc
mov
mov
dec
jns
mov
or
shl
and
mov
inc
cmp
jge
push
pop
lea
sub
xor
rep
mov
inc
mov
cdq
and
add
mov
sar
and
jns
dec
or
inc
and
and
or
mov
shl
mov
sub
not
mov
lea
mov
mov
and
mov
mov
shr
mov
or
mov
mov
shl
inc
cmp
mov
jl
mov
push
shl
lea
pop
sub
cmp
jl
mov
mov
jmp
and
dec
sub
test
jge
push
xor
pop
jmp
cmp
mov
jl
xor
lea
stosd
stosd
stosd
or
mov
cdq
and
add
mov
sar
and
jns
dec
or
inc
and
and
or
mov
shl
mov
sub
not
mov
lea
mov
mov
and
mov
mov
shr
mov
or
mov
mov
shl
inc
cmp
mov
jl
mov
push
shl
lea
pop
sub
cmp
jl
mov
mov
jmp
and
dec
sub
test
jge
mov
mov
lea
xor
inc
jmp
mov
and
add
mov
cdq
and
add
mov
sar
and
jns
dec
or
inc
and
and
or
mov
shl
mov
sub
not
mov
mov
mov
and
mov
mov
shr
mov
or
mov
mov
mov
shl
inc
cmp
mov
jl
mov
push
shl
lea
pop
sub
cmp
jl
mov
mov
jmp
and
dec
sub
test
jge
xor
pop
push
pop
sub
shl
mov
neg
sbb
and
or
mov
or
cmp
mov
mov
mov
mov
jmp
cmp
mov
mov
pop
pop
leave
mov
push
mov
sub
mov
movzx
push
mov
and
mov
mov
mov
mov
movzx
and
sub
shl
push
mov
mov
cmp
xor
xor
cmp
inc
cmp
jl
xor
jmp
xor
lea
stosd
stosd
push
stosd
pop
jmp
and
push
lea
lea
movsd
movsd
movsd
mov
dec
lea
mov
cdq
and
add
sar
mov
and
mov
mov
jns
dec
or
inc
lea
push
xor
pop
sub
inc
shl
mov
test
mov
or
shl
not
test
jmp
cmp
inc
cmp
jl
jmp
mov
cdq
push
pop
and
add
sar
and
jns
dec
or
inc
and
sub
xor
inc
shl
lea
mov
add
mov
mov
cmp
jb
cmp
jmp
test
and
lea
mov
lea
mov
cmp
jb
cmp
mov
dec
mov
mov
mov
jns
mov
mov
or
shl
and
mov
inc
cmp
jge
push
pop
lea
sub
xor
rep
cmp
inc
mov
mov
sub
cmp
jge
xor
lea
stosd
stosd
stosd
jmp
cmp
jg
sub
lea
mov
lea
movsd
cdq
and
add
movsd
mov
sar
and
movsd
jns
dec
or
inc
and
and
or
mov
shl
mov
sub
not
mov
lea
mov
mov
and
mov
mov
shr
mov
or
mov
mov
shl
inc
cmp
mov
jl
mov
push
shl
lea
pop
sub
cmp
jl
mov
mov
jmp
and
dec
sub
test
jge
mov
dec
lea
mov
cdq
and
add
sar
mov
and
mov
jns
dec
or
inc
push
pop
sub
xor
inc
shl
lea
mov
test
or
shl
not
test
jmp
cmp
inc
cmp
jl
jmp
mov
cdq
push
pop
and
add
sar
and
jns
dec
or
inc
and
xor
sub
inc
shl
lea
mov
lea
cmp
jb
cmp
mov
mov
mov
jmp
test
lea
mov
lea
xor
cmp
jb
cmp
xor
inc
mov
mov
dec
jns
mov
or
shl
and
mov
inc
cmp
jge
push
pop
lea
sub
xor
rep
mov
inc
mov
cdq
and
add
mov
sar
and
jns
dec
or
inc
and
and
or
mov
shl
mov
sub
not
mov
lea
mov
mov
and
mov
mov
shr
mov
or
mov
mov
shl
inc
cmp
mov
jl
mov
push
shl
lea
pop
sub
cmp
jl
mov
mov
jmp
and
dec
sub
test
jge
push
xor
pop
jmp
cmp
mov
jl
xor
lea
stosd
stosd
stosd
or
mov
cdq
and
add
mov
sar
and
jns
dec
or
inc
and
and
or
mov
shl
mov
sub
not
mov
lea
mov
mov
and
mov
mov
shr
mov
or
mov
mov
shl
inc
cmp
mov
jl
mov
push
shl
lea
pop
sub
cmp
jl
mov
mov
jmp
and
dec
sub
test
jge
mov
mov
lea
xor
inc
jmp
mov
and
add
mov
cdq
and
add
mov
sar
and
jns
dec
or
inc
and
and
or
mov
shl
mov
sub
not
mov
mov
mov
and
mov
mov
shr
mov
or
mov
mov
mov
shl
inc
cmp
mov
jl
mov
push
shl
lea
pop
sub
cmp
jl
mov
mov
jmp
and
dec
sub
test
jge
xor
pop
push
pop
sub
shl
mov
neg
sbb
and
or
mov
or
cmp
mov
mov
mov
mov
jmp
cmp
mov
mov
pop
pop
leave
mov
push
mov
cmp
cmp
push
call
mov
cmp
cmp
push
call
pop
mov
push
mov
push
push
mov
call
mov
mov
pop
pop
mov
jmp
mov
push
mov
push
mov
mov
call
test
push
call
pop
mov
pop
pop
push
mov
call
push
lea
call
and
lea
push
lea
call
push
lea
push
call
push
mov
call
push
lea
call
and
lea
push
lea
call
push
lea
push
call
mov
push
mov
push
push
mov
call
mov
mov
pop
pop
mov
lea
mov
xor
call
mov
jmp
mov
lea
mov
xor
call
mov
jmp
mov
jmp
mov
lea
mov
xor
call
mov
jmp
mov
push
mov
push
call
add
mov
lea
mov
xor
call
mov
jmp
mov
jmp
mov
lea
mov
xor
call
mov
jmp
lea
jmp
mov
lea
mov
xor
call
mov
jmp
mov
jmp
mov
lea
mov
xor
call
mov
jmp
lea
jmp
mov
lea
mov
xor
call
mov
jmp
mov
lea
mov
xor
call
mov
jmp
lea
jmp
mov
lea
mov
xor
call
mov
jmp
mov
jmp
mov
lea
mov
xor
call
mov
jmp
mov
lea
mov
xor
call
mov
jmp
lea
jmp
mov
lea
mov
xor
call
mov
jmp
push
call
pop
push
call
pop
push
call
pop
push
call
pop
push
call
pop
push
call
pop
push
call
pop
push
call
pop
push
call
pop
push
call
pop
push
push
mov
push
mov
xor
push
lea
mov
push
call
xor
add
cmp
mov
jmp
xor
mov
push
mov
mov
mov
call
add
mov
mov
pop
add
push
push
mov
call
push
call
pop
push
push
mov
call
push
call
pop
push
push
mov
call
push
call
pop
push
push
mov
call
push
call
pop
push
push
mov
call
push
call
pop
push
push
mov
call
push
call
pop
push
push
mov
call
push
call
pop
push
push
mov
call
push
call
pop
mov
call
push
call
pop
cmp
jb
mov
push
call
add
xor
mov
mov
mov
cmp
jb
mov
push
call
add
xor
mov
mov
mov
cmp
jb
mov
push
call
add
xor
mov
mov
mov
cmp
jb
mov
push
call
add
xor
mov
mov
mov
mov
test
push
call
add
mov
push
mov
mov
mov
call
pop
cmp
jb
mov
push
call
add
xor
mov
mov
mov
cmp
jb
mov
push
call
add
xor
mov
mov
mov
cmp
jb
mov
push
call
add
xor
mov
mov
mov
cmp
jb
mov
push
call
add
xor
mov
mov
mov
mov
call
mov
push
call
mov
push
mov
call
add
mov
mov
jmp
mov
xchg
jmp
mov
call
dec
jmp
mov
xchg
jmp
mov
call
dec
jmp
mov
xchg
jmp
mov
call
dec
jmp
mov
xchg
jmp
mov
call
dec
jmp
mov
xchg
jmp
mov
call
dec
jmp
mov
xchg
jmp
mov
call
dec
jmp
